0 0.851266 0.649547 0.848859 0.662937 0.842844 0.674922 0.829156 0.679828 0.823000 0.691312 0.811250 0.695672 0.798891 0.700000 0.785844 0.698203 0.773594 0.693359 0.761141 0.687297 0.748594 0.678578 0.751828 0.662156 0.750766 0.649547 0.763813 0.640156 0.764141 0.629484 0.768000 0.618672 0.775328 0.608750 0.785875 0.601000 0.798891 0.600750 0.811500 0.602500 0.825234 0.603922 0.834516 0.613922 0.841750 0.624812 0.846344 0.636828
0 0.547344 0.800578 0.550125 0.821156 0.532047 0.834500 0.527531 0.854813 0.508203 0.861063 0.492859 0.873609 0.473281 0.867969 0.455734 0.866047 0.443000 0.853031 0.433688 0.840172 0.428359 0.826516 0.415734 0.815984 0.422609 0.800578 0.412203 0.784203 0.419438 0.769484 0.422563 0.749844 0.439000 0.741203 0.456594 0.738281 0.473281 0.727250 0.492438 0.729078 0.511000 0.735250 0.523313 0.750547 0.530250 0.767672 0.545687 0.781172
0 0.332109 0.795391 0.322344 0.804547 0.322141 0.815016 0.315391 0.822641 0.309844 0.832984 0.299531 0.837922 0.288141 0.840609 0.275641 0.842031 0.265484 0.834609 0.259891 0.823625 0.256422 0.813703 0.254703 0.804344 0.245391 0.795391 0.249375 0.785000 0.249984 0.773359 0.262750 0.770000 0.264891 0.755125 0.276844 0.753234 0.288141 0.751031 0.298937 0.755062 0.310703 0.756297 0.319000 0.764516 0.324688 0.774281 0.325125 0.785469
0 0.450891 0.431516 0.444141 0.445984 0.439266 0.459844 0.429344 0.470656 0.419313 0.481953 0.407094 0.494547 0.390203 0.500859 0.371219 0.502391 0.354547 0.493281 0.348828 0.472891 0.338016 0.461656 0.338844 0.445281 0.326047 0.431516 0.333172 0.416250 0.336781 0.400687 0.353328 0.394656 0.365141 0.388109 0.377906 0.385625 0.390203 0.372688 0.406516 0.370625 0.422469 0.375641 0.432047 0.389672 0.440641 0.402391 0.446266 0.416500
0 0.623609 0.298297 0.617000 0.309516 0.618828 0.323516 0.612703 0.335859 0.603219 0.346906 0.589422 0.351578 0.575156 0.352797 0.560828 0.351734 0.546703 0.347578 0.539172 0.334281 0.536312 0.320719 0.534297 0.309250 0.535656 0.298297 0.533000 0.287000 0.533906 0.274484 0.539109 0.262250 0.547219 0.249906 0.561609 0.247781 0.575156 0.241687 0.591031 0.239016 0.605125 0.246391 0.614344 0.259109 0.617547 0.273828 0.618437 0.286703
0 0.776922 0.508734 0.779062 0.537563 0.756844 0.558016 0.744703 0.581937 0.727703 0.606094 0.700437 0.616703 0.671500 0.604906 0.651344 0.583969 0.639953 0.563391 0.609859 0.570391 0.589703 0.555969 0.567312 0.536656 0.562000 0.508734 0.565250 0.480266 0.570906 0.450656 0.601094 0.438344 0.619609 0.418859 0.641953 0.398484 0.671500 0.396578 0.697609 0.411281 0.716266 0.431203 0.735984 0.444266 0.752844 0.461781 0.771547 0.481938
0 1.000000 0.574828 1.000000 0.592000 0.996984 0.609203 0.978813 0.616187 0.962016 0.617391 0.949109 0.618344 0.937438 0.630875 0.922781 0.629516 0.911094 0.620469 0.903953 0.608313 0.896266 0.598609 0.880922 0.589969 0.876594 0.574828 0.878562 0.559047 0.894656 0.550125 0.906766 0.544156 0.920047 0.544703 0.926797 0.535078 0.937438 0.534234 0.949172 0.531047 0.960016 0.535719 0.973609 0.538656 0.990203 0.544359 0.996328 0.559047
0 0.165813 0.372641 0.168938 0.393578 0.146547 0.404828 0.133719 0.415578 0.114984 0.414563 0.104391 0.423453 0.090781 0.425891 0.074766 0.432406 0.056375 0.432234 0.034734 0.428703 0.018734 0.414234 0.019672 0.391703 0.028828 0.372641 0.038016 0.358500 0.042969 0.345031 0.040281 0.322141 0.053125 0.307422 0.072031 0.302641 0.090781 0.310828 0.108594 0.306188 0.126937 0.310031 0.144000 0.319437 0.147594 0.339844 0.167406 0.352109
0 0.252172 0.369406 0.251750 0.385609 0.243500 0.399547 0.240781 0.418891 0.229141 0.434938 0.214359 0.455469 0.191312 0.440922 0.171906 0.441812 0.159312 0.424828 0.142328 0.418391 0.139859 0.399109 0.137375 0.383859 0.130672 0.369406 0.124391 0.351484 0.124250 0.330687 0.137187 0.315281 0.153438 0.303828 0.173578 0.303219 0.191312 0.294359 0.210172 0.298984 0.232906 0.297359 0.252625 0.308094 0.260625 0.329391 0.261063 0.350719
0 0.543516 0.658516 0.539813 0.675844 0.545594 0.699203 0.535500 0.718891 0.512969 0.724062 0.491219 0.718562 0.475125 0.725297 0.454797 0.734422 0.427688 0.740703 0.414438 0.719219 0.405687 0.698609 0.400750 0.678453 0.385359 0.658516 0.383641 0.634000 0.393875 0.611594 0.408109 0.591500 0.425219 0.572078 0.452547 0.574219 0.475125 0.590016 0.491687 0.596750 0.509469 0.599031 0.532109 0.601547 0.544500 0.618469 0.547375 0.639156
0 0.396875 0.407828 0.406344 0.436656 0.382141 0.455969 0.362328 0.471406 0.345828 0.489359 0.323594 0.500578 0.298750 0.511953 0.274250 0.499250 0.251078 0.490391 0.228813 0.477766 0.206594 0.461031 0.185219 0.438250 0.180453 0.407828 0.197328 0.380656 0.210219 0.356719 0.228563 0.337641 0.250703 0.324625 0.275922 0.322625 0.298750 0.328734 0.322203 0.320266 0.347000 0.324234 0.371844 0.334719 0.379094 0.361437 0.394328 0.382219
0 0.517766 0.239547 0.512641 0.248875 0.506453 0.256078 0.502719 0.264453 0.498359 0.275141 0.488609 0.279875 0.477813 0.278719 0.468656 0.273719 0.459547 0.271172 0.452844 0.264516 0.438031 0.262500 0.428672 0.252703 0.425234 0.239547 0.434422 0.227922 0.437750 0.216422 0.443313 0.205063 0.454203 0.198656 0.466375 0.196906 0.477813 0.200250 0.486844 0.205844 0.497188 0.205984 0.510172 0.207172 0.521656 0.214234 0.521062 0.227953
0 0.900375 0.690109 0.897828 0.709516 0.899797 0.733094 0.894578 0.759328 0.877000 0.779563 0.850016 0.782188 0.825344 0.790547 0.800500 0.782844 0.776609 0.774516 0.760734 0.754719 0.750531 0.733297 0.740688 0.712781 0.749016 0.690109 0.747297 0.669187 0.755234 0.649625 0.771188 0.635938 0.791078 0.630734 0.808719 0.628031 0.825344 0.626484 0.848047 0.605375 0.864000 0.623156 0.897047 0.618406 0.898891 0.647641 0.915922 0.665828
0 0.218312 0.749328 0.204922 0.764016 0.211156 0.784594 0.190766 0.790016 0.181969 0.804562 0.162156 0.794391 0.150078 0.798281 0.135937 0.802156 0.115578 0.809094 0.100141 0.799266 0.089328 0.784406 0.092922 0.764641 0.086719 0.749328 0.092047 0.733781 0.095500 0.717812 0.107922 0.707172 0.119844 0.696937 0.133500 0.687453 0.150078 0.677406 0.171391 0.669797 0.191953 0.676813 0.195672 0.703734 0.198969 0.721109 0.196969 0.736766
0 0.841719 0.470688 0.841953 0.485609 0.839656 0.501500 0.836297 0.520703 0.820109 0.529281 0.806109 0.544719 0.786281 0.544484 0.766875 0.543078 0.752469 0.529250 0.736906 0.520062 0.720344 0.508750 0.699578 0.493922 0.699812 0.470688 0.704703 0.448828 0.719234 0.431969 0.733766 0.418172 0.748328 0.404969 0.767500 0.400578 0.786281 0.401578 0.801719 0.413062 0.814813 0.421281 0.832656 0.424312 0.845891 0.436266 0.846641 0.454516
0 0.545453 0.794156 0.553953 0.811125 0.545266 0.825688 0.532594 0.836094 0.517109 0.839969 0.505047 0.847844 0.490656 0.845984 0.477344 0.843875 0.458000 0.850719 0.436547 0.848266 0.416797 0.836797 0.417953 0.813641 0.421250 0.794156 0.433594 0.778875 0.446891 0.768891 0.450219 0.753703 0.461172 0.743094 0.473359 0.729594 0.490656 0.726422 0.508000 0.729484 0.523047 0.738078 0.532469 0.752359 0.538938 0.766281 0.543375 0.780031
0 0.760828 0.394281 0.764078 0.408125 0.759406 0.421406 0.756266 0.438125 0.744156 0.449234 0.726422 0.446516 0.712422 0.453984 0.698453 0.446422 0.681391 0.448062 0.670297 0.436422 0.655484 0.427156 0.648891 0.411313 0.654172 0.394281 0.668172 0.382422 0.676297 0.373422 0.685906 0.367766 0.694969 0.364063 0.701547 0.353656 0.712422 0.342203 0.728797 0.333219 0.741719 0.343547 0.751938 0.354781 0.758156 0.367891 0.765422 0.380094
0 0.277516 0.576125 0.263016 0.599391 0.254172 0.621156 0.236703 0.636672 0.221328 0.654359 0.197125 0.654312 0.176172 0.673219 0.149203 0.676750 0.122531 0.669031 0.109453 0.642828 0.104375 0.617578 0.093109 0.598375 0.089063 0.576125 0.089375 0.552875 0.110062 0.537969 0.116984 0.516937 0.133406 0.502062 0.149422 0.476312 0.176172 0.473172 0.203375 0.474594 0.220672 0.499047 0.230609 0.521672 0.246625 0.535438 0.269109 0.551219
0 0.898906 0.929797 0.899781 0.944781 0.897109 0.960547 0.884125 0.970078 0.871859 0.978328 0.858656 0.985047 0.843844 0.988656 0.827812 0.989641 0.816844 0.976562 0.808594 0.965047 0.804703 0.952391 0.801781 0.941062 0.798031 0.929797 0.796672 0.917156 0.798797 0.903781 0.804734 0.890672 0.818062 0.885125 0.830625 0.880484 0.843844 0.883594 0.855531 0.886156 0.867219 0.889312 0.884516 0.889125 0.894828 0.900359 0.901328 0.914391
0 0.849156 0.168187 0.846672 0.192000 0.838547 0.214812 0.833266 0.243641 0.822375 0.280031 0.788469 0.282594 0.757812 0.286656 0.732391 0.263047 0.705797 0.258281 0.688078 0.237922 0.676687 0.215016 0.659094 0.194641 0.650781 0.168187 0.650547 0.139453 0.668109 0.116406 0.684281 0.094672 0.710219 0.085781 0.735812 0.086078 0.757812 0.092422 0.776563 0.098203 0.804344 0.087578 0.822984 0.103016 0.846484 0.116984 0.849078 0.143734
0 0.693266 0.096281 0.680922 0.118375 0.686344 0.147031 0.674422 0.172266 0.648750 0.183438 0.623234 0.188844 0.598422 0.202891 0.571875 0.195359 0.552813 0.175281 0.544344 0.150359 0.527359 0.137313 0.510156 0.119922 0.509328 0.096281 0.505375 0.071344 0.512625 0.046734 0.522578 0.020422 0.545719 0.004969 0.570109 0.000000 0.598422 0.000000 0.628828 0.000000 0.651969 0.003531 0.667281 0.027422 0.694906 0.040578 0.700656 0.068875
0 0.645047 0.560281 0.633109 0.583641 0.617172 0.601422 0.606484 0.620875 0.585734 0.629266 0.569312 0.647656 0.545891 0.641641 0.523422 0.644172 0.504047 0.632750 0.483109 0.623062 0.469641 0.604297 0.473688 0.579625 0.466625 0.560281 0.467500 0.539266 0.470281 0.516625 0.487422 0.501797 0.508063 0.494750 0.524531 0.480563 0.545891 0.482688 0.568328 0.476531 0.583797 0.494625 0.601156 0.505016 0.618922 0.518109 0.638500 0.535469
0 0.732187 0.789203 0.722281 0.798312 0.715969 0.805172 0.710500 0.811406 0.708641 0.824437 0.699281 0.830188 0.688297 0.838578 0.675906 0.835453 0.665094 0.829391 0.658906 0.818578 0.650750 0.810875 0.646469 0.800406 0.643906 0.789203 0.638156 0.775766 0.644375 0.763844 0.650672 0.751563 0.665922 0.750453 0.674828 0.738922 0.688297 0.737156 0.701500 0.739906 0.713688 0.745219 0.725656 0.751828 0.735016 0.762234 0.737641 0.775969
0 0.326609 0.117797 0.316531 0.133750 0.308875 0.147766 0.297953 0.158781 0.286547 0.169016 0.271531 0.172109 0.256969 0.171375 0.243703 0.167359 0.225656 0.172047 0.213438 0.161328 0.201391 0.149891 0.198016 0.133594 0.198547 0.117797 0.210750 0.105406 0.215188 0.093672 0.230406 0.091219 0.235875 0.081250 0.246047 0.077016 0.256969 0.064453 0.272578 0.059578 0.287859 0.064297 0.299687 0.075078 0.314031 0.084859 0.315344 0.102156
0 0.987922 0.114234 0.986484 0.126422 0.984984 0.139609 0.972375 0.145594 0.966609 0.158547 0.952797 0.158187 0.941016 0.169141 0.926859 0.167094 0.911969 0.164547 0.903687 0.151562 0.896687 0.139828 0.893047 0.127094 0.895172 0.114234 0.902344 0.103875 0.906297 0.094188 0.912813 0.086016 0.918500 0.075219 0.930984 0.076797 0.941016 0.073125 0.951656 0.074531 0.963969 0.074484 0.970984 0.084266 0.973766 0.095328 0.979078 0.104031
0 0.600344 0.534969 0.597938 0.557922 0.596953 0.583844 0.587031 0.609703 0.564641 0.625641 0.538547 0.632922 0.512297 0.630250 0.488609 0.623359 0.468156 0.611422 0.453078 0.594187 0.427969 0.583656 0.419969 0.559703 0.415484 0.534969 0.419438 0.510094 0.433547 0.489516 0.443734 0.466406 0.466563 0.455750 0.488281 0.445344 0.512297 0.457125 0.531500 0.463281 0.549906 0.469828 0.569500 0.477766 0.582625 0.494375 0.592781 0.513406
0 0.606563 0.626125 0.605141 0.641891 0.606203 0.660719 0.592484 0.672312 0.579516 0.683672 0.561703 0.683672 0.546297 0.692656 0.530828 0.683828 0.515656 0.679188 0.507453 0.664969 0.494203 0.656203 0.493203 0.640344 0.488156 0.626125 0.486375 0.610078 0.485016 0.590750 0.496109 0.575937 0.514719 0.571438 0.531062 0.569297 0.546297 0.572422 0.560219 0.574125 0.570953 0.583406 0.580906 0.591516 0.591766 0.599859 0.599313 0.611922
0 0.786766 0.194859 0.780359 0.216547 0.776906 0.239594 0.762531 0.257953 0.750000 0.282453 0.725578 0.292422 0.699437 0.292469 0.676859 0.279109 0.657219 0.267984 0.641844 0.252453 0.627266 0.236531 0.618313 0.216594 0.601047 0.194859 0.599234 0.168016 0.609203 0.142766 0.629922 0.125344 0.651984 0.112672 0.675047 0.103813 0.699437 0.111734 0.720234 0.117250 0.738797 0.126703 0.760234 0.134078 0.774750 0.151375 0.781891 0.172766
0 0.682094 0.431891 0.674703 0.446719 0.668422 0.460203 0.660656 0.473156 0.650000 0.484906 0.635281 0.491156 0.619391 0.489750 0.604156 0.488781 0.587781 0.486656 0.569281 0.482016 0.563047 0.464438 0.564719 0.446547 0.560484 0.431891 0.564875 0.417281 0.556344 0.395500 0.567344 0.379844 0.578281 0.360687 0.598609 0.354312 0.619391 0.351516 0.641078 0.351000 0.651766 0.375844 0.661422 0.389859 0.668969 0.403266 0.683594 0.414687
0 0.795172 0.818937 0.796672 0.838078 0.789062 0.855797 0.773531 0.867250 0.763609 0.885453 0.742016 0.881687 0.725203 0.889703 0.708734 0.880422 0.691375 0.877531 0.674906 0.869250 0.662734 0.855016 0.654219 0.837953 0.663391 0.818937 0.664687 0.802719 0.664266 0.783750 0.668781 0.762516 0.685422 0.750031 0.705141 0.744047 0.725203 0.742828 0.742594 0.754047 0.757547 0.762937 0.762047 0.782094 0.772031 0.791906 0.780875 0.804016