0 0.311828 0.167891 0.310828 0.178703 0.314422 0.193266 0.306891 0.204297 0.295719 0.211594 0.283734 0.217328 0.270500 0.209922 0.260453 0.205375 0.252578 0.198937 0.240016 0.198375 0.229422 0.191609 0.223984 0.180359 0.220562 0.167891 0.221484 0.154766 0.223250 0.140609 0.228078 0.125484 0.239516 0.114234 0.254953 0.109922 0.270500 0.109703 0.283906 0.117844 0.294656 0.126047 0.301078 0.137313 0.310609 0.144734 0.309609 0.157422
0 0.874250 0.625875 0.863406 0.644750 0.859859 0.664500 0.855922 0.688812 0.838031 0.703922 0.812984 0.700516 0.792984 0.704375 0.770750 0.708844 0.749984 0.700359 0.734609 0.684250 0.729859 0.662328 0.718891 0.645734 0.719625 0.625875 0.710719 0.603844 0.712828 0.579594 0.724516 0.557422 0.736688 0.528375 0.763281 0.515062 0.792984 0.508750 0.816156 0.539359 0.831422 0.559297 0.847359 0.571500 0.867797 0.582688 0.883953 0.601500
0 0.593859 0.428281 0.597234 0.449437 0.585656 0.467187 0.565625 0.475641 0.548719 0.481031 0.534500 0.488875 0.518266 0.495531 0.502297 0.487859 0.490016 0.477219 0.480656 0.465891 0.464062 0.459562 0.459516 0.444016 0.455641 0.428281 0.463094 0.413500 0.461938 0.395750 0.474109 0.384125 0.483375 0.367844 0.502781 0.370500 0.518266 0.372094 0.531203 0.379984 0.547281 0.378016 0.567438 0.379109 0.578859 0.393281 0.588812 0.409375
0 0.304266 0.489250 0.298297 0.504781 0.303672 0.525844 0.298141 0.547094 0.277922 0.554422 0.259625 0.561359 0.240297 0.552516 0.225266 0.545328 0.212766 0.536922 0.198250 0.531297 0.175328 0.526766 0.178141 0.505906 0.173187 0.489250 0.174187 0.471531 0.169813 0.448547 0.187859 0.436812 0.211953 0.440172 0.224281 0.429484 0.240297 0.417641 0.260625 0.413406 0.279391 0.421531 0.299359 0.430188 0.320703 0.442828 0.313891 0.469531
0 0.670687 0.896687 0.674000 0.928750 0.662312 0.959031 0.628422 0.970797 0.600172 0.976109 0.579109 0.989188 0.554312 0.985266 0.529391 0.989687 0.513859 0.966766 0.490672 0.960344 0.488656 0.934594 0.473562 0.918328 0.471359 0.896687 0.468906 0.873797 0.470391 0.848234 0.488187 0.830562 0.501078 0.804484 0.527281 0.795797 0.554312 0.782984 0.578172 0.807687 0.594203 0.827609 0.610984 0.840016 0.636875 0.849031 0.654750 0.869781
0 0.505984 0.158531 0.510516 0.179187 0.505531 0.200141 0.494641 0.219703 0.483266 0.244781 0.458109 0.250516 0.433469 0.254391 0.406609 0.258813 0.379188 0.252547 0.355750 0.236266 0.348672 0.207500 0.359469 0.178359 0.358891 0.158531 0.363203 0.139703 0.362078 0.117328 0.375672 0.100734 0.398469 0.097906 0.413453 0.083844 0.433469 0.087500 0.456578 0.072297 0.474500 0.087484 0.494953 0.097062 0.490609 0.125547 0.504672 0.139453
0 0.939359 0.405687 0.925891 0.422484 0.930219 0.444375 0.920516 0.462984 0.907563 0.482484 0.882922 0.479234 0.863219 0.479172 0.844719 0.474734 0.829391 0.464297 0.808781 0.460125 0.799891 0.442250 0.783344 0.427094 0.782547 0.405687 0.778344 0.382953 0.797016 0.367469 0.807797 0.350266 0.822391 0.334969 0.840297 0.320125 0.863219 0.326969 0.880937 0.339594 0.900219 0.341609 0.915141 0.353781 0.934828 0.364344 0.936547 0.386047
0 0.665937 0.810625 0.660516 0.824047 0.655687 0.836750 0.657719 0.857906 0.643406 0.867734 0.626969 0.872328 0.610437 0.866953 0.595875 0.864969 0.587297 0.850688 0.574781 0.846266 0.571891 0.832875 0.557078 0.824922 0.552484 0.810625 0.548125 0.793922 0.555063 0.778641 0.568063 0.768250 0.579516 0.757078 0.596375 0.758156 0.610437 0.758797 0.622625 0.765109 0.636078 0.766203 0.645797 0.775266 0.659625 0.782219 0.669984 0.794672
0 0.200406 0.758359 0.201422 0.783203 0.196859 0.809250 0.184875 0.834547 0.160672 0.848391 0.129156 0.834734 0.108688 0.834781 0.092172 0.820016 0.069219 0.826734 0.058953 0.808094 0.038937 0.798641 0.030453 0.779312 0.023828 0.758359 0.039344 0.739781 0.047969 0.723297 0.055750 0.705422 0.066734 0.685672 0.086250 0.674625 0.108688 0.688406 0.128359 0.684937 0.155500 0.677281 0.176234 0.690813 0.191250 0.710687 0.186141 0.737609
0 0.266281 0.591891 0.259047 0.608109 0.251391 0.622422 0.243812 0.637172 0.229953 0.646312 0.215250 0.654281 0.198531 0.655594 0.177844 0.669141 0.157125 0.663641 0.129234 0.661188 0.122781 0.635641 0.123141 0.612094 0.118391 0.591891 0.117141 0.570094 0.123797 0.548750 0.139531 0.532891 0.152703 0.512500 0.173563 0.498672 0.198531 0.503703 0.220391 0.510328 0.238156 0.523266 0.248875 0.541563 0.253234 0.560312 0.264141 0.574313
0 0.690813 0.194219 0.681953 0.213578 0.672359 0.230391 0.658438 0.242953 0.641625 0.249516 0.626891 0.258375 0.609703 0.270813 0.587906 0.275516 0.573594 0.256750 0.558781 0.245125 0.555391 0.225563 0.540359 0.212797 0.537250 0.194219 0.538438 0.175125 0.543641 0.156078 0.548687 0.133203 0.571078 0.127328 0.593094 0.132250 0.609703 0.148703 0.623578 0.142375 0.643891 0.134984 0.657906 0.146016 0.679719 0.153781 0.686469 0.173641
0 0.263906 0.475734 0.260969 0.494531 0.251734 0.510891 0.238625 0.523531 0.221500 0.528844 0.202781 0.520328 0.190844 0.533516 0.173313 0.541141 0.148000 0.549937 0.134937 0.531641 0.126453 0.512922 0.130422 0.491922 0.126188 0.475734 0.130937 0.459687 0.130031 0.440625 0.138813 0.423703 0.152812 0.409875 0.175953 0.420141 0.190844 0.420859 0.203422 0.428812 0.219844 0.425500 0.237891 0.428687 0.255344 0.438500 0.274562 0.453313
0 0.619375 0.588797 0.616828 0.617297 0.594000 0.637031 0.578016 0.656359 0.554000 0.664219 0.531328 0.666734 0.510453 0.674297 0.482750 0.692172 0.448000 0.696969 0.427063 0.672172 0.419547 0.641266 0.424094 0.611922 0.421922 0.588797 0.426125 0.566203 0.430469 0.542609 0.447984 0.526328 0.463797 0.507984 0.487922 0.504703 0.510453 0.501125 0.529687 0.517016 0.547547 0.524531 0.569219 0.530016 0.589625 0.543078 0.617156 0.560203
0 0.763797 0.255422 0.762281 0.269734 0.755281 0.282234 0.747672 0.294266 0.734750 0.300312 0.720859 0.300344 0.708828 0.295656 0.698469 0.294078 0.688016 0.291469 0.670656 0.293594 0.656016 0.285906 0.640578 0.273703 0.646359 0.255422 0.656172 0.241312 0.660672 0.227609 0.669578 0.216172 0.677828 0.201719 0.695531 0.205797 0.708828 0.199188 0.720578 0.211563 0.733391 0.212875 0.738547 0.225703 0.752375 0.230281 0.758875 0.242016
0 0.118359 0.403828 0.116562 0.415672 0.108781 0.424859 0.105891 0.437344 0.093031 0.439625 0.084859 0.450406 0.072375 0.450563 0.059813 0.450719 0.044141 0.452719 0.030172 0.446031 0.014422 0.437297 0.018937 0.418156 0.018156 0.403828 0.020609 0.389969 0.022781 0.375203 0.028984 0.360453 0.043812 0.354375 0.058125 0.350672 0.072375 0.349328 0.085469 0.354938 0.093125 0.367891 0.102281 0.373922 0.114219 0.379672 0.126797 0.389250
0 0.411344 0.839172 0.418469 0.853297 0.413812 0.866922 0.406297 0.879719 0.395516 0.890734 0.379609 0.890906 0.365750 0.884688 0.355469 0.877547 0.341984 0.880344 0.332031 0.872906 0.318609 0.866406 0.321641 0.851000 0.315109 0.839172 0.320781 0.827125 0.323281 0.814656 0.336125 0.809547 0.344578 0.802500 0.353391 0.793016 0.365750 0.779875 0.381937 0.778781 0.395875 0.787016 0.406062 0.798859 0.404969 0.816547 0.409875 0.827359
0 0.465891 0.157109 0.463250 0.164703 0.463578 0.173672 0.467312 0.189500 0.460922 0.202156 0.448031 0.206062 0.434922 0.209344 0.422672 0.202813 0.411297 0.198031 0.406609 0.185422 0.397656 0.178625 0.394313 0.168000 0.395094 0.157109 0.397172 0.147000 0.398703 0.136203 0.400609 0.122812 0.410609 0.115016 0.422500 0.110781 0.434922 0.108641 0.446859 0.112563 0.456859 0.119125 0.460031 0.132000 0.465984 0.139172 0.468406 0.148141
0 0.937016 0.300813 0.931141 0.319797 0.924906 0.338125 0.911359 0.351906 0.902187 0.373406 0.883250 0.386563 0.860266 0.393625 0.836734 0.388625 0.818437 0.373250 0.805562 0.355500 0.790828 0.340891 0.785484 0.320844 0.777031 0.300813 0.781766 0.279766 0.783219 0.256328 0.804500 0.245047 0.825219 0.240109 0.843281 0.237391 0.860266 0.229625 0.880219 0.226328 0.901844 0.228781 0.924141 0.236922 0.934766 0.257797 0.938063 0.279969
0 0.738219 0.510813 0.734469 0.534188 0.726984 0.556875 0.711641 0.575266 0.687453 0.580531 0.666406 0.582500 0.647188 0.589953 0.626156 0.589281 0.608563 0.577719 0.592063 0.565937 0.568219 0.556406 0.547500 0.537516 0.548406 0.510813 0.561406 0.487828 0.572250 0.467531 0.580969 0.444578 0.603453 0.435047 0.625344 0.429266 0.647188 0.429750 0.671125 0.421500 0.697859 0.423047 0.722078 0.435906 0.739547 0.457484 0.743391 0.485031
0 0.349719 0.772859 0.345422 0.790766 0.342656 0.809828 0.332953 0.827203 0.317812 0.840734 0.296734 0.840453 0.278625 0.839937 0.260922 0.838922 0.242125 0.836063 0.234234 0.817250 0.221062 0.806094 0.213906 0.790203 0.212969 0.772859 0.224891 0.758469 0.225422 0.742141 0.228000 0.722234 0.234109 0.695781 0.259094 0.700000 0.278625 0.707109 0.294531 0.713500 0.310969 0.716828 0.330656 0.720812 0.335703 0.739906 0.345203 0.755016
0 0.585797 0.532719 0.568609 0.548781 0.578719 0.573156 0.564937 0.588984 0.558906 0.619734 0.529625 0.610906 0.508672 0.610187 0.492781 0.592000 0.466641 0.605500 0.438594 0.602781 0.419984 0.583922 0.417969 0.557016 0.416641 0.532719 0.410813 0.506500 0.423156 0.483344 0.447813 0.471859 0.470281 0.466234 0.486688 0.450672 0.508672 0.442750 0.529563 0.454734 0.545844 0.468328 0.564672 0.476703 0.591297 0.485016 0.588594 0.511297
0 0.611078 0.622844 0.612906 0.645328 0.610109 0.669687 0.595562 0.689438 0.579422 0.710219 0.556094 0.724109 0.528969 0.729391 0.503156 0.719172 0.484359 0.700094 0.467859 0.683938 0.450266 0.668281 0.427484 0.650031 0.417687 0.622844 0.429219 0.596109 0.441531 0.572359 0.462313 0.556187 0.480469 0.538844 0.503469 0.527719 0.528969 0.515219 0.555688 0.523094 0.576766 0.540047 0.596219 0.555594 0.611719 0.575063 0.615563 0.599641
0 0.555734 0.613016 0.550812 0.626797 0.544156 0.638859 0.538500 0.652109 0.530766 0.667328 0.515875 0.674484 0.499406 0.669750 0.484781 0.667625 0.474391 0.656344 0.462937 0.649484 0.455328 0.638469 0.450891 0.626016 0.440375 0.613016 0.443094 0.597938 0.450125 0.584562 0.461688 0.575297 0.472828 0.566969 0.484687 0.558094 0.499406 0.558359 0.513359 0.560937 0.525828 0.567266 0.535328 0.577109 0.541844 0.588516 0.553094 0.598641
0 0.813922 0.412844 0.811937 0.428641 0.819578 0.451281 0.803719 0.463562 0.783484 0.465656 0.766516 0.463281 0.753000 0.473750 0.735859 0.476828 0.726219 0.459250 0.717547 0.448297 0.703562 0.441391 0.688719 0.430078 0.688031 0.412844 0.696484 0.397703 0.705547 0.385437 0.712391 0.372234 0.719984 0.355656 0.736766 0.352250 0.753000 0.352297 0.767922 0.357187 0.786172 0.355406 0.798234 0.367609 0.807641 0.381297 0.808516 0.397969
0 0.917219 0.398203 0.915188 0.412703 0.906578 0.424469 0.903125 0.440266 0.890078 0.448437 0.876219 0.454766 0.861063 0.455656 0.844688 0.459328 0.829031 0.453688 0.815234 0.444031 0.808250 0.428703 0.801297 0.414219 0.802937 0.398203 0.807531 0.383859 0.812328 0.370063 0.826016 0.363156 0.835187 0.353359 0.847266 0.346703 0.861063 0.334984 0.874578 0.347781 0.886609 0.353953 0.894891 0.364375 0.912109 0.368734 0.917984 0.382953
0 0.964969 0.095047 0.966594 0.113844 0.947047 0.124250 0.939547 0.138109 0.923016 0.141031 0.913609 0.159000 0.896469 0.155156 0.880219 0.155672 0.865391 0.148891 0.851500 0.140016 0.839828 0.127750 0.834906 0.111547 0.830438 0.095047 0.835422 0.078687 0.833812 0.058875 0.840859 0.039438 0.856047 0.025016 0.878219 0.026937 0.896469 0.021266 0.914875 0.026359 0.936656 0.025438 0.948500 0.043016 0.962391 0.056984 0.965437 0.076563
0 0.519453 0.727625 0.513906 0.742719 0.510344 0.758094 0.505938 0.775984 0.492484 0.788062 0.478344 0.805063 0.457594 0.793656 0.440172 0.792609 0.423813 0.786141 0.401859 0.783359 0.388172 0.767703 0.390094 0.745719 0.386609 0.727625 0.384156 0.707953 0.386906 0.686813 0.395906 0.665953 0.416953 0.657250 0.436172 0.647703 0.457594 0.662266 0.476859 0.655703 0.497922 0.657781 0.517094 0.668125 0.523000 0.689859 0.514859 0.712281
0 0.817266 0.669859 0.804953 0.695625 0.802922 0.724203 0.780016 0.741078 0.762391 0.762672 0.735484 0.769453 0.708797 0.768203 0.682875 0.766594 0.651828 0.768531 0.627109 0.751547 0.611984 0.725766 0.613875 0.695297 0.616344 0.669859 0.624984 0.647406 0.629844 0.624281 0.628875 0.589953 0.650219 0.568391 0.677859 0.554391 0.708797 0.560766 0.740156 0.552844 0.768422 0.566594 0.785406 0.593266 0.797297 0.618766 0.797656 0.646062
0 0.276187 0.206906 0.274922 0.225375 0.272203 0.245125 0.255188 0.256094 0.242422 0.269984 0.224141 0.274625 0.206000 0.282797 0.189016 0.270266 0.171844 0.266047 0.159656 0.253234 0.143891 0.242750 0.145391 0.223141 0.148203 0.206906 0.152391 0.192531 0.151234 0.175281 0.156000 0.156906 0.167969 0.141047 0.189250 0.144391 0.206000 0.147609 0.221391 0.149453 0.241422 0.145531 0.251563 0.161328 0.258734 0.176453 0.261047 0.192141
0 0.749656 0.424859 0.733859 0.445859 0.721703 0.463109 0.698734 0.468141 0.692562 0.489156 0.683156 0.528281 0.655438 0.534250 0.628406 0.525766 0.609766 0.503969 0.587359 0.492938 0.555750 0.482406 0.562312 0.449813 0.554875 0.424859 0.583141 0.405484 0.587609 0.385688 0.607328 0.376734 0.621141 0.365453 0.634687 0.347391 0.655438 0.341141 0.679766 0.334078 0.695984 0.354625 0.711281 0.369016 0.724703 0.384875 0.734094 0.403781