0 0.602969 0.345859 0.599953 0.356484 0.593531 0.365062 0.596125 0.381719 0.584609 0.388031 0.572891 0.392953 0.560266 0.391406 0.548859 0.388437 0.536344 0.387297 0.527187 0.378938 0.515688 0.371594 0.517750 0.357250 0.516969 0.345859 0.518344 0.334625 0.517953 0.321422 0.529000 0.314594 0.540937 0.312391 0.551250 0.312203 0.560266 0.305375 0.573281 0.297281 0.585562 0.302047 0.597281 0.308844 0.602187 0.321656 0.611250 0.332187
0 0.768328 0.199453 0.763844 0.216516 0.755719 0.231547 0.752703 0.252016 0.740094 0.268656 0.720656 0.276047 0.700125 0.294937 0.675094 0.292891 0.652000 0.282797 0.644406 0.255172 0.634453 0.237375 0.610172 0.223547 0.594734 0.199453 0.590109 0.169969 0.613547 0.149453 0.628984 0.128297 0.651031 0.114406 0.674547 0.103984 0.700125 0.103125 0.726031 0.102781 0.749375 0.114156 0.764594 0.134984 0.769172 0.159594 0.777609 0.178687
0 0.898531 0.280750 0.902187 0.292484 0.895781 0.302359 0.892250 0.314641 0.881812 0.321375 0.869359 0.321813 0.858359 0.321094 0.846937 0.323391 0.831047 0.328047 0.815922 0.323188 0.808906 0.309297 0.806984 0.294516 0.804078 0.280750 0.805484 0.266578 0.813078 0.254609 0.820813 0.243203 0.831141 0.233609 0.843500 0.225312 0.858359 0.228437 0.872141 0.229328 0.885109 0.234422 0.899609 0.239500 0.902125 0.255484 0.906438 0.267859
0 0.317375 0.918109 0.315969 0.932281 0.311609 0.946109 0.295938 0.950953 0.284328 0.954891 0.272922 0.954813 0.263094 0.965391 0.251063 0.962984 0.235750 0.965469 0.227781 0.953406 0.214578 0.946109 0.214125 0.931219 0.211422 0.918109 0.219484 0.906422 0.219828 0.893125 0.226750 0.881766 0.234437 0.868469 0.249562 0.867641 0.263094 0.863141 0.277234 0.865312 0.292781 0.866672 0.297125 0.884062 0.304078 0.894438 0.304781 0.906938
0 0.930937 0.139281 0.920406 0.160078 0.903734 0.174484 0.884875 0.181391 0.879687 0.203219 0.867234 0.230578 0.842766 0.243203 0.815781 0.239953 0.795750 0.220703 0.775875 0.206172 0.767031 0.183000 0.758078 0.161969 0.758141 0.139281 0.766312 0.118797 0.766391 0.095188 0.784984 0.081500 0.795703 0.057766 0.820672 0.056844 0.842766 0.053781 0.861438 0.069609 0.875125 0.083219 0.892047 0.090000 0.909000 0.101031 0.922828 0.117828
0 0.658391 0.743016 0.654891 0.756938 0.648125 0.769109 0.643016 0.783078 0.633109 0.795234 0.619781 0.805813 0.602953 0.803891 0.587406 0.801031 0.576875 0.788188 0.571812 0.774172 0.568734 0.762766 0.563828 0.753500 0.559359 0.743016 0.558797 0.731187 0.565141 0.721187 0.571922 0.711984 0.578250 0.700234 0.589922 0.694406 0.602953 0.685109 0.617500 0.688734 0.632734 0.691437 0.637297 0.708688 0.642766 0.720031 0.648859 0.730719
0 0.820672 0.603062 0.813250 0.629516 0.789703 0.646469 0.772188 0.660750 0.759922 0.681734 0.741812 0.704984 0.714500 0.704891 0.687891 0.702313 0.669656 0.680719 0.649312 0.668234 0.637437 0.647547 0.626266 0.626703 0.617500 0.603062 0.625781 0.579281 0.640703 0.560453 0.649844 0.538406 0.665562 0.518313 0.684516 0.491156 0.714500 0.510609 0.741219 0.503344 0.757266 0.528969 0.787484 0.530078 0.790781 0.559016 0.816734 0.575656
0 0.679969 0.826203 0.684234 0.845844 0.677828 0.864812 0.659391 0.874656 0.647062 0.888766 0.632516 0.906687 0.610953 0.908969 0.591328 0.899422 0.579047 0.881453 0.569469 0.867688 0.558078 0.856734 0.555656 0.841031 0.539281 0.826203 0.544141 0.808313 0.551219 0.791719 0.569328 0.784578 0.580719 0.773844 0.594078 0.763250 0.610953 0.760375 0.627344 0.765031 0.640156 0.775625 0.651891 0.785266 0.658859 0.798547 0.668031 0.810922
0 0.764750 0.595984 0.767000 0.624047 0.755687 0.649906 0.732078 0.665797 0.715578 0.688297 0.690656 0.701922 0.662266 0.715719 0.632641 0.706547 0.608984 0.688281 0.594281 0.663969 0.591266 0.636969 0.581422 0.617641 0.572594 0.595984 0.556859 0.567734 0.571125 0.543359 0.595391 0.529094 0.622859 0.527719 0.639906 0.512500 0.662266 0.494375 0.691109 0.488375 0.712391 0.509172 0.731094 0.527156 0.739750 0.551250 0.759406 0.569953
0 0.359063 0.619750 0.372234 0.642188 0.358094 0.659922 0.353000 0.684219 0.331437 0.694063 0.308375 0.693781 0.288531 0.691297 0.269687 0.690109 0.251797 0.683406 0.238906 0.669375 0.231234 0.652844 0.215297 0.639391 0.212844 0.619750 0.216141 0.600359 0.228016 0.584812 0.239141 0.570359 0.256078 0.563531 0.270047 0.550766 0.288531 0.550312 0.307000 0.550812 0.320813 0.563844 0.330562 0.577734 0.336313 0.592172 0.351969 0.602766
0 0.523078 0.196156 0.540047 0.217969 0.534625 0.240047 0.513062 0.250609 0.492078 0.254125 0.476359 0.262437 0.458609 0.262937 0.440375 0.264203 0.428625 0.248094 0.412547 0.242219 0.401125 0.229344 0.395703 0.213016 0.397062 0.196156 0.395219 0.179172 0.403156 0.164141 0.410344 0.147891 0.428500 0.144016 0.442750 0.136953 0.458609 0.134000 0.476562 0.129109 0.495516 0.132234 0.508719 0.146047 0.504437 0.169687 0.512328 0.181766
0 0.781984 0.414844 0.785797 0.424750 0.785078 0.435781 0.779000 0.445031 0.772203 0.455359 0.760656 0.459016 0.748812 0.458781 0.738547 0.453172 0.726797 0.452984 0.719062 0.444609 0.708406 0.438172 0.699703 0.428000 0.687547 0.414844 0.696344 0.400781 0.703516 0.388687 0.715156 0.381188 0.724812 0.373266 0.736594 0.369234 0.748812 0.372969 0.761469 0.367656 0.770766 0.376844 0.782219 0.381453 0.781109 0.396203 0.781625 0.406062
0 0.550172 0.509000 0.543156 0.521641 0.539016 0.533844 0.532156 0.545172 0.524156 0.557781 0.512953 0.572359 0.495984 0.566922 0.481234 0.564031 0.471063 0.552156 0.454516 0.550469 0.448672 0.536312 0.437047 0.524781 0.442703 0.509000 0.449422 0.496516 0.453234 0.484312 0.456813 0.469828 0.464938 0.455219 0.482328 0.458016 0.495984 0.455625 0.509406 0.458875 0.521922 0.464078 0.524859 0.480125 0.535687 0.486078 0.539125 0.497438
0 0.688609 0.175344 0.702609 0.193719 0.706063 0.216953 0.712516 0.253875 0.687250 0.267594 0.662234 0.280781 0.633984 0.270969 0.607812 0.273031 0.589172 0.252953 0.582234 0.227094 0.582188 0.205250 0.572828 0.191719 0.547328 0.175344 0.547656 0.152203 0.556781 0.130766 0.572359 0.113719 0.585266 0.090969 0.609719 0.084766 0.633984 0.093406 0.649078 0.119031 0.663984 0.123391 0.677953 0.131375 0.693578 0.140937 0.695984 0.158734
0 0.439219 0.825375 0.441141 0.836844 0.439813 0.849344 0.437156 0.864219 0.422250 0.866844 0.408188 0.862250 0.398312 0.861922 0.387984 0.863906 0.374047 0.867406 0.370469 0.853203 0.363437 0.845500 0.360141 0.835594 0.351531 0.825375 0.355172 0.813813 0.357891 0.802031 0.366234 0.793297 0.376609 0.787781 0.385844 0.778859 0.398312 0.773438 0.411672 0.775500 0.422219 0.783953 0.432344 0.791328 0.443266 0.799406 0.443891 0.813156
0 0.325406 0.591969 0.321219 0.610016 0.319672 0.629969 0.318906 0.657016 0.300047 0.671938 0.278984 0.685719 0.253875 0.686453 0.230828 0.678000 0.207813 0.671766 0.181219 0.664625 0.170234 0.640266 0.159250 0.617328 0.162187 0.591969 0.158828 0.566500 0.182062 0.550516 0.200016 0.538125 0.214078 0.523031 0.231125 0.507047 0.253875 0.500594 0.275687 0.510578 0.296172 0.518719 0.304000 0.541844 0.323906 0.551531 0.323703 0.573266
0 0.402906 0.873875 0.397328 0.886906 0.385594 0.895172 0.381312 0.906484 0.374437 0.918453 0.363891 0.930562 0.348703 0.924859 0.336453 0.919578 0.326703 0.911953 0.318531 0.904047 0.309781 0.896344 0.302328 0.886297 0.297656 0.873875 0.298438 0.860406 0.302203 0.847016 0.308688 0.833859 0.320297 0.824672 0.335703 0.825344 0.348703 0.832234 0.360000 0.831672 0.366172 0.843594 0.372078 0.850484 0.374422 0.859016 0.391344 0.862438
0 0.932219 0.825125 0.930125 0.841906 0.926203 0.859000 0.912562 0.870156 0.896047 0.874500 0.885203 0.891016 0.867547 0.888469 0.847563 0.899703 0.829438 0.891141 0.808156 0.884516 0.798281 0.865125 0.805156 0.841844 0.805219 0.825125 0.802266 0.807641 0.801672 0.787094 0.816609 0.774188 0.833484 0.766125 0.850969 0.763250 0.867547 0.754000 0.883344 0.766188 0.893359 0.780406 0.901078 0.791609 0.913312 0.798703 0.925531 0.809594
0 0.845047 0.622953 0.842844 0.647719 0.831438 0.669734 0.822344 0.694891 0.800984 0.710562 0.776906 0.721891 0.750406 0.724703 0.729953 0.699266 0.705547 0.700641 0.693906 0.679453 0.659031 0.675703 0.647094 0.650625 0.648688 0.622953 0.662875 0.599500 0.665641 0.574016 0.674078 0.546625 0.695328 0.527547 0.721688 0.515766 0.750406 0.508375 0.781922 0.505312 0.807016 0.524906 0.835172 0.538172 0.852766 0.563859 0.854187 0.595141
0 0.621453 0.933422 0.621625 0.947094 0.619031 0.961375 0.607812 0.970625 0.594953 0.975594 0.582469 0.977703 0.570609 0.978859 0.555984 0.988016 0.541781 0.983359 0.533813 0.970219 0.526422 0.958937 0.520000 0.946969 0.507406 0.933422 0.518422 0.919438 0.531047 0.910578 0.545281 0.908094 0.552047 0.901281 0.560063 0.894063 0.570609 0.887578 0.582375 0.889516 0.595609 0.890109 0.607422 0.896594 0.615828 0.907312 0.618563 0.920562
0 0.389141 0.157625 0.378484 0.176328 0.365062 0.190172 0.361141 0.210094 0.348125 0.225937 0.331859 0.244109 0.308672 0.230375 0.289172 0.230437 0.276797 0.212844 0.257000 0.209297 0.257578 0.187125 0.237578 0.176672 0.233156 0.157625 0.222922 0.134641 0.242828 0.119609 0.258953 0.107906 0.271125 0.092578 0.289703 0.086781 0.308672 0.076516 0.328656 0.083062 0.349000 0.087781 0.366250 0.100063 0.379906 0.116500 0.392547 0.135156
0 0.845219 0.605219 0.842953 0.618750 0.832469 0.628313 0.823875 0.636641 0.812297 0.639563 0.803500 0.646422 0.792469 0.660359 0.777297 0.661844 0.760453 0.660656 0.750969 0.646719 0.735016 0.638406 0.727688 0.622578 0.729437 0.605219 0.737469 0.590484 0.745625 0.578188 0.749516 0.562281 0.764172 0.556203 0.777859 0.550719 0.792469 0.564141 0.804063 0.561953 0.816703 0.563250 0.839016 0.558672 0.850031 0.571984 0.853141 0.588969
0 0.828281 0.334047 0.819359 0.348656 0.804828 0.357141 0.797312 0.366531 0.786703 0.371937 0.778922 0.386672 0.764828 0.387313 0.749062 0.392875 0.737766 0.380938 0.722500 0.376375 0.705828 0.368109 0.692359 0.353469 0.696313 0.334047 0.703094 0.317500 0.715344 0.305484 0.723484 0.292703 0.737594 0.286891 0.750391 0.280141 0.764828 0.274203 0.780906 0.274047 0.795500 0.280906 0.806000 0.292875 0.814922 0.305125 0.826109 0.317625
0 0.528000 0.474359 0.521234 0.489734 0.513625 0.503094 0.511125 0.521625 0.506375 0.548000 0.487453 0.562406 0.463859 0.558812 0.444516 0.546563 0.427688 0.537031 0.411781 0.526453 0.398297 0.512219 0.401469 0.491078 0.405187 0.474359 0.411844 0.460422 0.410875 0.443766 0.424203 0.434703 0.433656 0.422047 0.446641 0.410062 0.463859 0.390563 0.484906 0.395844 0.496641 0.417594 0.497719 0.440500 0.502938 0.451813 0.518609 0.459703
0 0.274359 0.836859 0.286000 0.868969 0.258922 0.890406 0.233328 0.904016 0.209031 0.911078 0.193109 0.937406 0.166172 0.933984 0.144359 0.918281 0.127891 0.903172 0.111547 0.891484 0.097562 0.876469 0.080703 0.859766 0.057922 0.836859 0.058313 0.807953 0.084656 0.789797 0.109891 0.780578 0.125688 0.766734 0.142391 0.748078 0.166172 0.749609 0.190703 0.745313 0.221500 0.741031 0.247875 0.755156 0.259250 0.783125 0.258172 0.812203
0 0.450219 0.620875 0.456000 0.651453 0.436812 0.675703 0.410859 0.689875 0.390453 0.705031 0.363609 0.702031 0.341875 0.726594 0.316562 0.715297 0.289938 0.710828 0.279188 0.683563 0.259047 0.668687 0.241312 0.647813 0.245344 0.620875 0.256797 0.598078 0.272016 0.580547 0.270922 0.549937 0.287359 0.526469 0.312328 0.510625 0.341875 0.513125 0.365750 0.531750 0.389781 0.537906 0.413828 0.548922 0.435906 0.566578 0.452375 0.591266
0 0.229687 0.173172 0.233266 0.186297 0.225438 0.196938 0.220047 0.208922 0.211313 0.219969 0.197375 0.222016 0.184297 0.235016 0.168234 0.233094 0.152781 0.227734 0.142031 0.215438 0.133625 0.202437 0.118453 0.190812 0.129000 0.173172 0.127984 0.158094 0.139906 0.147547 0.139266 0.128141 0.160719 0.132359 0.171047 0.123750 0.184297 0.129328 0.199484 0.116500 0.210797 0.127250 0.219547 0.137906 0.219703 0.152734 0.228328 0.161375
0 0.458250 0.320609 0.453078 0.335188 0.450547 0.350547 0.441594 0.363531 0.430266 0.375328 0.415813 0.384547 0.398672 0.381937 0.380125 0.389813 0.361484 0.385000 0.342859 0.376422 0.333391 0.358297 0.337172 0.337078 0.331047 0.320609 0.333266 0.303078 0.344141 0.289125 0.355828 0.277766 0.374563 0.278844 0.382703 0.261031 0.398672 0.264141 0.413828 0.264047 0.422063 0.280078 0.433234 0.286047 0.444625 0.294063 0.455219 0.305453
0 0.982938 0.389516 0.980578 0.402219 0.973141 0.412594 0.964563 0.420922 0.956047 0.429172 0.943578 0.428422 0.933156 0.431875 0.921844 0.431703 0.909062 0.431234 0.899594 0.423063 0.892844 0.412781 0.892094 0.400516 0.892531 0.389516 0.894172 0.379062 0.897875 0.369156 0.908188 0.364547 0.918187 0.363578 0.924359 0.356719 0.933156 0.350547 0.943422 0.351172 0.954922 0.351797 0.960875 0.361781 0.970406 0.368000 0.974469 0.378437
0 0.912109 0.595297 0.908875 0.609297 0.906625 0.624172 0.894125 0.632812 0.881594 0.638563 0.868844 0.640984 0.856609 0.648313 0.841906 0.650125 0.826797 0.646922 0.817734 0.634156 0.806516 0.624219 0.805391 0.609016 0.798125 0.595297 0.800281 0.580203 0.805719 0.565922 0.815563 0.554250 0.829234 0.547906 0.842000 0.540781 0.856609 0.538578 0.870219 0.544516 0.883000 0.549563 0.899078 0.552813 0.913375 0.562516 0.918562 0.578688