0 0.956078 0.641953 0.955219 0.653922 0.957141 0.668859 0.948656 0.680078 0.936781 0.687422 0.922484 0.686547 0.910531 0.691672 0.898141 0.688187 0.884563 0.686906 0.875469 0.677016 0.865078 0.668187 0.864922 0.654172 0.861922 0.641953 0.865031 0.629766 0.869516 0.618266 0.876172 0.607594 0.887922 0.602781 0.898266 0.596203 0.910531 0.595187 0.923563 0.593328 0.936438 0.597078 0.950484 0.601984 0.960297 0.613219 0.962313 0.628078
0 0.316344 0.857094 0.314812 0.875656 0.298563 0.887687 0.285375 0.896906 0.264703 0.890250 0.259203 0.908016 0.245562 0.922719 0.223062 0.941078 0.205625 0.926281 0.197422 0.905234 0.185219 0.891938 0.187125 0.872766 0.186938 0.857094 0.197797 0.844297 0.193156 0.826844 0.201797 0.813328 0.210109 0.795687 0.230797 0.802000 0.245562 0.797484 0.259000 0.806938 0.277687 0.801469 0.296141 0.806531 0.313750 0.817734 0.319312 0.837344
0 0.671063 0.619375 0.666953 0.633016 0.662578 0.646250 0.656078 0.659406 0.647703 0.674219 0.632281 0.679969 0.616031 0.674141 0.605328 0.659344 0.592750 0.659687 0.574719 0.660687 0.560609 0.651375 0.555719 0.635531 0.553781 0.619375 0.563562 0.605312 0.572328 0.594141 0.587594 0.590922 0.594641 0.582297 0.605953 0.581766 0.616031 0.570953 0.629687 0.568406 0.647062 0.565641 0.658859 0.576562 0.672328 0.586875 0.673406 0.604000
0 0.993891 0.841844 0.992000 0.856609 0.988562 0.871672 0.977953 0.882906 0.966547 0.893203 0.952141 0.898750 0.936891 0.900797 0.923406 0.892156 0.912016 0.884922 0.905656 0.873078 0.889547 0.869172 0.878797 0.857406 0.873687 0.841844 0.882156 0.827172 0.895094 0.817719 0.905438 0.810391 0.910453 0.796047 0.920031 0.778953 0.936891 0.770719 0.952422 0.783906 0.964156 0.794625 0.976203 0.802531 0.988828 0.811859 0.991219 0.827281
0 0.647875 0.374797 0.653672 0.388531 0.638953 0.395875 0.635859 0.408219 0.625547 0.414828 0.615469 0.423406 0.602453 0.426266 0.588781 0.425828 0.574094 0.423922 0.565516 0.411734 0.566109 0.395781 0.571281 0.383156 0.564078 0.374797 0.556125 0.362391 0.557297 0.348734 0.567219 0.339578 0.579078 0.334313 0.591141 0.332625 0.602453 0.328875 0.613812 0.332406 0.623797 0.337828 0.628781 0.348484 0.632875 0.357234 0.648609 0.362438
0 0.606938 0.606297 0.606875 0.635828 0.583594 0.656484 0.569375 0.679016 0.549281 0.697438 0.525750 0.714844 0.496672 0.709078 0.473703 0.691969 0.448141 0.690344 0.421297 0.681672 0.398922 0.662719 0.391813 0.634391 0.400063 0.606297 0.408172 0.582578 0.425672 0.565312 0.440094 0.549734 0.450250 0.525891 0.468906 0.502719 0.496672 0.493344 0.523391 0.506578 0.543031 0.525984 0.572125 0.530828 0.592063 0.551219 0.611094 0.575641
0 0.212594 0.266781 0.206406 0.291812 0.189875 0.311172 0.168609 0.322406 0.151094 0.332797 0.132547 0.339812 0.112984 0.346906 0.090844 0.349422 0.069031 0.342891 0.052172 0.327578 0.038594 0.309734 0.041484 0.285938 0.033766 0.266781 0.046703 0.249016 0.044953 0.227500 0.063938 0.217734 0.074891 0.200813 0.092453 0.190188 0.112984 0.185891 0.134438 0.186703 0.154750 0.194437 0.172203 0.207563 0.187047 0.224016 0.199859 0.243500
0 0.712063 0.385922 0.711188 0.398875 0.709625 0.412922 0.709922 0.432984 0.704172 0.457484 0.684344 0.466125 0.662859 0.465953 0.647578 0.442953 0.633859 0.436156 0.626484 0.422297 0.607453 0.417906 0.600031 0.402750 0.589953 0.385922 0.593109 0.367234 0.599344 0.349250 0.611234 0.334297 0.632547 0.333422 0.645641 0.321688 0.662859 0.325094 0.682359 0.313141 0.701266 0.319391 0.720219 0.328562 0.724531 0.350312 0.719203 0.370828
0 0.754297 0.819547 0.760125 0.839672 0.750938 0.857609 0.733781 0.868328 0.720750 0.881484 0.704672 0.892969 0.685000 0.904625 0.664844 0.894734 0.647891 0.883797 0.635594 0.868938 0.629156 0.851781 0.612984 0.838844 0.608078 0.819547 0.609687 0.799375 0.622906 0.783687 0.639344 0.773906 0.646172 0.752313 0.664187 0.741922 0.685000 0.727703 0.707219 0.736609 0.732500 0.737266 0.756203 0.748328 0.766563 0.772453 0.761578 0.799031
0 0.423016 0.818500 0.421953 0.835672 0.422312 0.855687 0.411781 0.872391 0.401906 0.894719 0.381422 0.906281 0.357891 0.911187 0.338297 0.891641 0.318266 0.887156 0.296828 0.879578 0.278359 0.864437 0.280625 0.839203 0.275266 0.818500 0.278516 0.797234 0.280891 0.774047 0.299766 0.760375 0.317031 0.747719 0.336422 0.738344 0.357891 0.732578 0.380938 0.732484 0.405078 0.736797 0.419406 0.757000 0.430016 0.776859 0.422969 0.801078
0 0.320187 0.724703 0.314422 0.736734 0.312812 0.749688 0.307984 0.763141 0.297984 0.773969 0.281875 0.770766 0.269531 0.773281 0.256766 0.772375 0.242625 0.771312 0.233500 0.760734 0.226219 0.749719 0.222922 0.737187 0.225594 0.724703 0.232750 0.714844 0.234703 0.704594 0.234984 0.690156 0.241250 0.675703 0.254109 0.667109 0.269531 0.667312 0.283859 0.671219 0.295484 0.679750 0.304844 0.689391 0.314469 0.698750 0.320891 0.710938
0 0.242922 0.719375 0.228797 0.737641 0.225813 0.757031 0.212312 0.771094 0.199047 0.785984 0.182328 0.800500 0.160594 0.805906 0.138313 0.802547 0.119172 0.791125 0.108453 0.771516 0.092719 0.758563 0.078687 0.741328 0.060969 0.719375 0.075031 0.696453 0.099187 0.683922 0.121016 0.679797 0.124031 0.656031 0.137563 0.633406 0.160594 0.624203 0.185859 0.625078 0.211984 0.630375 0.232344 0.647625 0.244266 0.671063 0.236266 0.699094
0 0.386937 0.845922 0.398547 0.871937 0.403625 0.904906 0.381109 0.925563 0.353141 0.935437 0.329844 0.951906 0.301453 0.957062 0.272391 0.954391 0.251719 0.932063 0.233516 0.913844 0.215047 0.895797 0.215813 0.868859 0.213516 0.845922 0.207656 0.820781 0.206188 0.790906 0.220078 0.764547 0.255344 0.766062 0.280078 0.766172 0.301453 0.762516 0.325750 0.755250 0.347531 0.766094 0.365031 0.782328 0.372922 0.804641 0.379828 0.824906
0 0.708156 0.253141 0.709937 0.278984 0.697078 0.301422 0.679688 0.319359 0.657312 0.329078 0.634875 0.333062 0.613453 0.328094 0.595703 0.319391 0.574000 0.321484 0.560937 0.305656 0.547141 0.291422 0.543719 0.271828 0.541328 0.253141 0.544500 0.234656 0.551672 0.217453 0.562266 0.201938 0.574141 0.185031 0.591469 0.171078 0.613453 0.169453 0.635125 0.172297 0.654500 0.182062 0.672500 0.194094 0.685219 0.211703 0.691219 0.232297
0 0.568219 0.336141 0.560594 0.358594 0.547922 0.377219 0.541125 0.400484 0.526016 0.421422 0.505469 0.443203 0.476781 0.439391 0.449031 0.439703 0.434312 0.409703 0.423875 0.389047 0.424578 0.366281 0.404781 0.355437 0.398828 0.336141 0.405813 0.317125 0.419750 0.303203 0.425672 0.285031 0.427156 0.250172 0.448813 0.231750 0.476781 0.238969 0.496016 0.264344 0.512266 0.274703 0.528672 0.284250 0.547359 0.295391 0.557875 0.314406
0 0.431734 0.493938 0.443766 0.510469 0.433750 0.523797 0.425219 0.537125 0.408172 0.539219 0.396062 0.546312 0.382016 0.557438 0.363516 0.562984 0.347922 0.553000 0.341484 0.534469 0.336453 0.520234 0.321219 0.510219 0.315344 0.493938 0.309141 0.474406 0.319094 0.457594 0.332453 0.444359 0.350531 0.439391 0.365672 0.432906 0.382016 0.431156 0.399187 0.429844 0.414578 0.437531 0.431281 0.444672 0.430266 0.466078 0.434875 0.479766
0 0.660313 0.824984 0.655969 0.853172 0.644906 0.879344 0.630391 0.904609 0.603047 0.915531 0.576734 0.921937 0.550750 0.936250 0.525453 0.919438 0.496797 0.918437 0.488094 0.887641 0.456141 0.879609 0.448953 0.852250 0.447797 0.824984 0.455125 0.799359 0.477484 0.782672 0.492672 0.766906 0.513469 0.760391 0.529312 0.744953 0.550750 0.734234 0.578047 0.723125 0.603422 0.733766 0.625953 0.749781 0.641422 0.772641 0.656094 0.796750
0 0.653828 0.624297 0.647766 0.648781 0.631687 0.667766 0.627250 0.695141 0.612875 0.722109 0.582922 0.723266 0.556406 0.716500 0.534375 0.706516 0.508391 0.707484 0.482859 0.697844 0.467719 0.675500 0.456125 0.651172 0.457437 0.624297 0.462156 0.599047 0.465359 0.571734 0.493516 0.561406 0.505766 0.536578 0.531609 0.531734 0.556406 0.523516 0.578328 0.542484 0.598094 0.552094 0.634359 0.546344 0.655266 0.567219 0.671516 0.593469
0 0.818766 0.511500 0.825781 0.527141 0.820266 0.542016 0.812859 0.556953 0.794312 0.558078 0.782766 0.568734 0.767422 0.568125 0.749812 0.577203 0.730625 0.575250 0.713484 0.565438 0.709562 0.544922 0.704031 0.528484 0.710281 0.511500 0.709547 0.496000 0.721922 0.485234 0.726359 0.470453 0.737937 0.460422 0.750797 0.449469 0.767422 0.449188 0.784859 0.446422 0.801953 0.451703 0.815063 0.463859 0.817734 0.482469 0.813891 0.499062
0 0.609578 0.316266 0.599422 0.327641 0.597844 0.339859 0.593297 0.352594 0.586219 0.366906 0.571484 0.370391 0.556969 0.364187 0.544859 0.361484 0.534938 0.354438 0.529312 0.343922 0.527172 0.333469 0.524156 0.325062 0.515156 0.316266 0.512188 0.304266 0.512219 0.290422 0.518687 0.277969 0.529938 0.269422 0.543297 0.265234 0.556969 0.263687 0.570344 0.266344 0.582578 0.271922 0.592797 0.280453 0.604109 0.289047 0.608359 0.302500
0 0.745109 0.835984 0.750750 0.856047 0.737266 0.871422 0.728516 0.888609 0.712969 0.900188 0.696984 0.914656 0.675906 0.915625 0.656641 0.907844 0.644187 0.890922 0.637219 0.874656 0.631250 0.861766 0.620062 0.850953 0.613109 0.835984 0.615234 0.819734 0.628828 0.808812 0.639906 0.800000 0.646172 0.784484 0.660844 0.779813 0.675906 0.776172 0.690141 0.782859 0.709719 0.777406 0.721734 0.790156 0.729109 0.805266 0.736328 0.819797
0 1.000000 0.675734 0.986500 0.697688 0.963125 0.709531 0.946375 0.717531 0.935094 0.728578 0.923500 0.746328 0.904578 0.755750 0.882375 0.758609 0.863813 0.746328 0.849562 0.730734 0.840234 0.712875 0.833500 0.694781 0.840797 0.675734 0.838781 0.658109 0.848031 0.643094 0.852547 0.623688 0.867578 0.611641 0.881953 0.591313 0.904578 0.593000 0.925781 0.596578 0.940422 0.613641 0.960172 0.620141 0.978813 0.632875 0.996859 0.651000
0 0.858203 0.360344 0.834688 0.384750 0.822531 0.405906 0.807234 0.423969 0.790203 0.441047 0.769578 0.457203 0.743625 0.459000 0.715328 0.465953 0.694047 0.446219 0.672625 0.431344 0.662156 0.407375 0.657547 0.383406 0.652500 0.360344 0.664516 0.339156 0.663594 0.314141 0.675547 0.292266 0.696078 0.278000 0.720406 0.273687 0.743625 0.278000 0.767062 0.272891 0.786719 0.285703 0.813109 0.290859 0.841703 0.303719 0.863063 0.328344
0 0.701969 0.129234 0.686984 0.154125 0.674687 0.175781 0.657047 0.192203 0.639453 0.207859 0.618797 0.221578 0.594062 0.230328 0.565438 0.236047 0.540438 0.222094 0.523328 0.199969 0.509875 0.177828 0.501844 0.153938 0.479141 0.129234 0.484859 0.099969 0.494703 0.071875 0.517781 0.052953 0.542000 0.039047 0.572297 0.047984 0.594062 0.057063 0.614766 0.051984 0.640734 0.048375 0.668844 0.054438 0.686609 0.075797 0.705359 0.099406
0 0.235531 0.523453 0.229641 0.541656 0.223625 0.559219 0.208703 0.570469 0.198984 0.588047 0.180719 0.594422 0.161703 0.599734 0.143187 0.592562 0.122094 0.592047 0.103688 0.581469 0.096047 0.561359 0.101484 0.539594 0.097156 0.523453 0.093500 0.505188 0.092828 0.483687 0.111359 0.473125 0.128969 0.466750 0.146063 0.465078 0.161703 0.466406 0.176609 0.467828 0.192641 0.469875 0.208656 0.476516 0.223937 0.487531 0.228766 0.505484
0 0.365703 0.666703 0.362406 0.684672 0.360344 0.704250 0.343203 0.714594 0.328922 0.724922 0.310391 0.722984 0.295312 0.716828 0.281109 0.719688 0.268453 0.713219 0.251391 0.710625 0.246312 0.694984 0.232687 0.683484 0.226281 0.666703 0.223937 0.647578 0.237609 0.633391 0.249500 0.620875 0.267609 0.618703 0.279453 0.607500 0.295312 0.612672 0.312797 0.601406 0.325750 0.613984 0.345375 0.616625 0.350734 0.634703 0.361297 0.649016
0 0.817125 0.541063 0.817719 0.556969 0.819266 0.576219 0.813469 0.596156 0.797266 0.608437 0.778094 0.614672 0.758375 0.612937 0.741812 0.602906 0.731469 0.587672 0.717281 0.582172 0.703562 0.572719 0.690937 0.559141 0.689688 0.541063 0.693609 0.523719 0.704797 0.510141 0.720391 0.503078 0.730766 0.493250 0.742797 0.482922 0.758375 0.477641 0.774422 0.481187 0.790969 0.484625 0.802469 0.496984 0.813844 0.509047 0.813875 0.526203
0 0.504188 0.110750 0.501734 0.124438 0.499172 0.138781 0.498469 0.158594 0.482641 0.166203 0.466203 0.168906 0.450625 0.170266 0.434172 0.172141 0.419484 0.164688 0.410234 0.151141 0.399187 0.140453 0.391984 0.126469 0.385062 0.110750 0.386656 0.093609 0.396797 0.079672 0.409719 0.069844 0.423703 0.064109 0.435719 0.055156 0.450625 0.048063 0.466516 0.051453 0.483406 0.053953 0.491719 0.069656 0.503203 0.080391 0.506203 0.095859
0 0.179219 0.551391 0.168297 0.570484 0.165437 0.590875 0.156156 0.610516 0.138844 0.623781 0.118188 0.630250 0.097047 0.627188 0.078516 0.620594 0.061953 0.612203 0.048781 0.599672 0.029547 0.590375 0.030000 0.569359 0.024266 0.551391 0.024766 0.532031 0.023438 0.508891 0.027828 0.482188 0.047922 0.466297 0.072391 0.459359 0.097047 0.451250 0.121766 0.459172 0.140766 0.475687 0.147828 0.500625 0.163672 0.512937 0.178672 0.529531
0 0.314344 0.233156 0.316406 0.256859 0.293828 0.271188 0.278297 0.283516 0.265625 0.298422 0.251703 0.321828 0.227953 0.335875 0.200984 0.333781 0.178812 0.318281 0.154250 0.306859 0.147609 0.279547 0.140297 0.256656 0.138234 0.233156 0.129828 0.206875 0.136422 0.180313 0.158438 0.163641 0.175156 0.141719 0.199188 0.125844 0.227953 0.126891 0.251188 0.146406 0.268172 0.163500 0.294016 0.167094 0.307125 0.187453 0.322750 0.207766