0 0.280750 0.645125 0.289531 0.661922 0.279297 0.675422 0.271594 0.689875 0.252703 0.689922 0.239406 0.692031 0.226828 0.691109 0.214391 0.691547 0.200672 0.690422 0.187812 0.684156 0.184016 0.669844 0.177313 0.658391 0.183875 0.645125 0.180188 0.632625 0.186016 0.621563 0.191375 0.609672 0.201313 0.600922 0.213266 0.594484 0.226828 0.593938 0.238922 0.600016 0.247031 0.610141 0.255547 0.616406 0.264156 0.623578 0.275719 0.632031
0 0.957297 0.069234 0.961297 0.082719 0.961031 0.098109 0.949906 0.108125 0.935422 0.111516 0.923328 0.115234 0.911016 0.119000 0.897922 0.118078 0.889156 0.107078 0.883469 0.096781 0.874000 0.090609 0.863250 0.082031 0.858469 0.069234 0.865719 0.057109 0.870031 0.045578 0.877875 0.036109 0.881891 0.018797 0.893313 0.003219 0.911016 0.008703 0.925578 0.014859 0.934187 0.029094 0.951219 0.029031 0.955344 0.043641 0.955688 0.057266
0 0.923063 0.287266 0.917516 0.300219 0.918453 0.315719 0.910203 0.328281 0.902297 0.344609 0.885891 0.349656 0.869172 0.351766 0.853125 0.347172 0.840891 0.336250 0.834016 0.322422 0.823687 0.313531 0.817828 0.301016 0.814281 0.287266 0.819531 0.273953 0.822328 0.260219 0.830453 0.248531 0.842266 0.240656 0.851562 0.221500 0.869172 0.219906 0.885297 0.227141 0.896312 0.240250 0.914062 0.242375 0.928344 0.253094 0.926094 0.272016
0 0.178062 0.354375 0.163062 0.370516 0.171344 0.393906 0.163609 0.415125 0.142687 0.423344 0.123687 0.432062 0.102859 0.439703 0.078609 0.444891 0.054844 0.437563 0.037984 0.419250 0.020453 0.401953 0.012578 0.378563 0.017375 0.354375 0.032281 0.335469 0.049641 0.323656 0.057000 0.308516 0.064297 0.287562 0.083484 0.282062 0.102859 0.275078 0.124063 0.275281 0.150547 0.271797 0.165375 0.291859 0.183672 0.307719 0.175859 0.334828
0 0.431547 0.119266 0.428797 0.138969 0.425031 0.159547 0.415156 0.179156 0.396453 0.190625 0.377875 0.203641 0.355266 0.199344 0.332391 0.204609 0.309625 0.198313 0.287500 0.187031 0.269750 0.168641 0.266344 0.143094 0.272547 0.119266 0.281969 0.099625 0.287281 0.080016 0.303750 0.067750 0.313922 0.047672 0.330578 0.027125 0.355266 0.022391 0.378984 0.030734 0.392984 0.053922 0.417031 0.057484 0.425297 0.078828 0.428797 0.099562
0 0.281500 0.428437 0.285469 0.441391 0.279891 0.453125 0.268297 0.459609 0.254906 0.459203 0.246859 0.464719 0.237141 0.474547 0.223438 0.479563 0.210469 0.474625 0.201656 0.463922 0.202828 0.448250 0.196859 0.439234 0.194016 0.428437 0.187109 0.415031 0.188844 0.400563 0.200422 0.391719 0.212781 0.386250 0.226156 0.387484 0.237141 0.384625 0.248125 0.387422 0.260672 0.387672 0.269406 0.396172 0.278813 0.404375 0.277734 0.417563
0 0.306172 0.515250 0.309250 0.532969 0.303969 0.550375 0.298469 0.570594 0.283250 0.584750 0.261578 0.584141 0.243125 0.575547 0.226984 0.575484 0.203609 0.583672 0.182781 0.575594 0.179297 0.552094 0.169500 0.534969 0.172828 0.515250 0.169234 0.495453 0.182641 0.480328 0.196406 0.468531 0.213703 0.464297 0.229922 0.465969 0.243125 0.449531 0.260859 0.449031 0.277531 0.455656 0.287953 0.470406 0.298375 0.483344 0.306828 0.498172
0 0.915625 0.812375 0.912609 0.829219 0.908500 0.846297 0.897328 0.859953 0.884703 0.872922 0.865297 0.870375 0.849750 0.874672 0.833094 0.874547 0.816031 0.870781 0.800313 0.861812 0.784641 0.849969 0.768453 0.834156 0.772484 0.812375 0.785344 0.795125 0.797406 0.782156 0.807391 0.770016 0.813016 0.748734 0.831594 0.744625 0.849750 0.747469 0.867141 0.747484 0.881687 0.757062 0.906797 0.755328 0.907141 0.779250 0.921422 0.793172
0 0.562375 0.480016 0.555984 0.501094 0.547844 0.520719 0.538484 0.541172 0.524188 0.561156 0.501906 0.571719 0.477328 0.558812 0.460875 0.541469 0.440922 0.543094 0.427047 0.530297 0.410938 0.518359 0.406672 0.498953 0.392719 0.480016 0.391688 0.457062 0.396125 0.433125 0.414359 0.417047 0.436656 0.409562 0.458391 0.409297 0.477328 0.405531 0.501219 0.390891 0.526531 0.394797 0.539891 0.417453 0.546922 0.439844 0.545250 0.461828
0 0.517469 0.625125 0.521766 0.642016 0.514875 0.657547 0.510031 0.676422 0.491672 0.682172 0.475234 0.686734 0.458734 0.681250 0.444437 0.678469 0.427906 0.678500 0.411219 0.672641 0.391344 0.664031 0.378266 0.646687 0.378891 0.625125 0.387266 0.605984 0.403781 0.593391 0.415953 0.582344 0.425203 0.567047 0.443656 0.568828 0.458734 0.565656 0.472375 0.574203 0.490828 0.569531 0.501250 0.582609 0.507766 0.596812 0.511922 0.610875
0 0.524156 0.239469 0.518703 0.257109 0.516578 0.276234 0.501625 0.288219 0.484203 0.293734 0.470375 0.304750 0.452875 0.304547 0.434172 0.309281 0.422484 0.292094 0.403094 0.289250 0.388359 0.276703 0.379641 0.259094 0.385203 0.239469 0.392437 0.223266 0.399734 0.208781 0.407031 0.193625 0.414625 0.173203 0.435078 0.173047 0.452875 0.164656 0.468094 0.182656 0.485891 0.182266 0.498000 0.194344 0.514703 0.203766 0.523328 0.220578
0 0.825219 0.770859 0.818172 0.785578 0.801812 0.793125 0.791797 0.799422 0.784000 0.806813 0.776391 0.819969 0.763234 0.822078 0.750563 0.818125 0.738969 0.812906 0.729500 0.804594 0.721156 0.795141 0.714141 0.784016 0.707875 0.770859 0.709891 0.756563 0.710875 0.740625 0.718297 0.725906 0.728078 0.709969 0.747266 0.711266 0.763234 0.719531 0.775109 0.726516 0.789328 0.725672 0.804250 0.729844 0.817094 0.739766 0.821609 0.755219
0 0.173109 0.443969 0.169719 0.455297 0.162719 0.464328 0.157109 0.473641 0.148375 0.480203 0.138063 0.483578 0.127453 0.490188 0.116016 0.486656 0.105187 0.482531 0.099000 0.472422 0.087984 0.466750 0.087203 0.454750 0.087141 0.443969 0.091078 0.434219 0.090875 0.422859 0.098406 0.414938 0.105719 0.406344 0.116266 0.402250 0.127453 0.394578 0.141016 0.393344 0.154109 0.397781 0.159672 0.411734 0.163422 0.423203 0.169672 0.432656
0 0.535609 0.728672 0.529984 0.749563 0.514859 0.764953 0.500938 0.777594 0.492250 0.798375 0.473875 0.810281 0.452000 0.809797 0.433578 0.797406 0.417109 0.789094 0.392672 0.788000 0.375828 0.772641 0.362141 0.752750 0.371406 0.728672 0.367812 0.706109 0.382672 0.688641 0.385578 0.662234 0.405328 0.647813 0.421609 0.615234 0.452000 0.625703 0.477250 0.634453 0.491516 0.660234 0.510203 0.670469 0.520609 0.689063 0.530484 0.707641
0 0.867906 0.889344 0.857641 0.911016 0.849453 0.931297 0.844016 0.956578 0.824625 0.972188 0.799047 0.972391 0.776797 0.972672 0.753906 0.974766 0.732406 0.966250 0.714172 0.951969 0.694875 0.936641 0.680797 0.915078 0.682641 0.889344 0.682656 0.864125 0.688891 0.838594 0.701562 0.814109 0.733547 0.814438 0.754172 0.804906 0.776797 0.789422 0.803438 0.789906 0.824094 0.807438 0.843625 0.822516 0.866703 0.837438 0.884516 0.860484
0 0.441219 0.466656 0.440766 0.483547 0.432437 0.498266 0.423844 0.512813 0.414828 0.530984 0.397344 0.540000 0.377688 0.542500 0.360766 0.529828 0.345609 0.522203 0.334531 0.509813 0.331406 0.493375 0.321234 0.481781 0.320109 0.466656 0.308391 0.448078 0.320859 0.433844 0.330969 0.419937 0.348875 0.416750 0.363250 0.412750 0.377688 0.412734 0.394547 0.403766 0.415219 0.401641 0.435359 0.408984 0.439969 0.430703 0.442000 0.449422
0 0.376484 0.763422 0.380703 0.786078 0.359984 0.800281 0.341062 0.808344 0.328656 0.819750 0.314031 0.830203 0.296125 0.834484 0.278141 0.830594 0.266281 0.815109 0.247109 0.812438 0.232391 0.800219 0.212984 0.785687 0.218562 0.763422 0.225687 0.744531 0.238750 0.730281 0.244656 0.711938 0.261797 0.703953 0.277719 0.694672 0.296125 0.694172 0.314125 0.696281 0.330187 0.704422 0.335078 0.724469 0.341281 0.737344 0.358734 0.746641
0 0.506906 0.173922 0.508219 0.186969 0.499641 0.197063 0.492188 0.206547 0.481922 0.212656 0.472719 0.222984 0.459578 0.232922 0.443391 0.234328 0.428734 0.227328 0.425516 0.207984 0.421281 0.196047 0.413453 0.186281 0.413922 0.173922 0.412703 0.161375 0.423500 0.153094 0.425250 0.139609 0.436219 0.133484 0.447031 0.127094 0.459578 0.119516 0.473250 0.122891 0.486797 0.126781 0.493438 0.140063 0.500484 0.150313 0.504063 0.162016
0 0.369266 0.150438 0.374922 0.173625 0.374969 0.200422 0.367547 0.229594 0.341000 0.241547 0.317984 0.260891 0.288406 0.257797 0.262703 0.246312 0.245781 0.224266 0.230813 0.208031 0.195375 0.204156 0.168922 0.182453 0.163172 0.150438 0.178172 0.120906 0.206203 0.102984 0.222125 0.084172 0.245187 0.075594 0.264609 0.061641 0.288406 0.039844 0.317812 0.040688 0.343219 0.055500 0.361609 0.077234 0.374188 0.100922 0.380125 0.125859
0 0.699266 0.790797 0.702391 0.810328 0.694719 0.828453 0.681562 0.842844 0.660766 0.844938 0.648391 0.861234 0.629516 0.870000 0.607641 0.872453 0.589422 0.860234 0.573344 0.846984 0.557719 0.832250 0.562047 0.808875 0.552312 0.790797 0.557891 0.771609 0.561094 0.751312 0.579922 0.741203 0.591234 0.724500 0.612281 0.726500 0.629516 0.731969 0.644125 0.736297 0.662156 0.734266 0.683047 0.737266 0.691328 0.755109 0.701781 0.771437
0 0.361844 0.780625 0.354922 0.794266 0.343719 0.803562 0.344125 0.820766 0.329516 0.824828 0.318906 0.836297 0.303984 0.832078 0.289312 0.835359 0.278891 0.824078 0.267375 0.817234 0.260172 0.805906 0.249234 0.795281 0.247703 0.780625 0.248547 0.765766 0.256250 0.753062 0.268922 0.745563 0.277359 0.734516 0.289563 0.726781 0.303984 0.717672 0.318063 0.728094 0.328781 0.737656 0.343125 0.741469 0.361141 0.747625 0.372797 0.762188
0 0.889188 0.105594 0.871844 0.123562 0.865500 0.140656 0.845047 0.145875 0.842000 0.170078 0.825891 0.184438 0.804766 0.190031 0.782609 0.188297 0.762813 0.178250 0.744547 0.165813 0.736578 0.144953 0.723297 0.127422 0.710234 0.105594 0.713172 0.081047 0.721047 0.057250 0.740953 0.041781 0.758844 0.026047 0.782953 0.024141 0.804766 0.031938 0.822891 0.037969 0.835484 0.052406 0.851922 0.058437 0.866391 0.070016 0.875969 0.086516
0 1.000000 0.253797 1.000000 0.273625 0.986250 0.285000 0.970797 0.292406 0.965656 0.311750 0.952172 0.328375 0.932188 0.335219 0.913562 0.323281 0.903172 0.304047 0.891719 0.294250 0.878328 0.284891 0.867656 0.271078 0.868766 0.253797 0.868641 0.236766 0.868953 0.217281 0.881938 0.203547 0.902609 0.202547 0.915219 0.190484 0.932188 0.188234 0.950344 0.186031 0.960672 0.204453 0.970047 0.215937 0.979469 0.226500 0.997250 0.236359
0 0.899391 0.255969 0.897266 0.278406 0.893516 0.302141 0.884250 0.326656 0.865484 0.345938 0.842578 0.364297 0.813547 0.372250 0.783531 0.368000 0.759500 0.349594 0.742359 0.327156 0.724781 0.307219 0.716766 0.281906 0.702953 0.255969 0.699906 0.225516 0.710578 0.196516 0.735563 0.177969 0.762828 0.168109 0.786625 0.155469 0.813547 0.156406 0.836953 0.168625 0.856359 0.181812 0.872109 0.197406 0.889297 0.212234 0.895328 0.234047
0 0.751922 0.318469 0.737344 0.334922 0.735641 0.352938 0.723266 0.365812 0.706937 0.372172 0.693250 0.383094 0.675938 0.383156 0.655687 0.394031 0.638578 0.383172 0.618891 0.375516 0.615625 0.353297 0.604984 0.337484 0.604922 0.318469 0.597047 0.297328 0.602062 0.275813 0.613922 0.256453 0.636219 0.249688 0.656766 0.246906 0.675938 0.245266 0.695219 0.246531 0.709375 0.260562 0.722016 0.272391 0.742047 0.280297 0.748484 0.299031
0 0.376453 0.693578 0.378828 0.709250 0.381437 0.728859 0.362438 0.735672 0.345625 0.737359 0.331031 0.733453 0.320344 0.737453 0.305453 0.749188 0.293031 0.740891 0.284266 0.729656 0.281297 0.716125 0.273938 0.706016 0.269469 0.693578 0.271578 0.680516 0.274969 0.667391 0.281750 0.654984 0.296250 0.651859 0.308812 0.650547 0.320344 0.647484 0.334063 0.642391 0.348469 0.644875 0.356859 0.657062 0.362187 0.669422 0.364781 0.681672
0 0.829906 0.426172 0.832359 0.450156 0.813469 0.466937 0.794375 0.477703 0.783984 0.497422 0.765031 0.508969 0.742844 0.521672 0.720859 0.508188 0.696203 0.506969 0.677859 0.491156 0.659812 0.474109 0.653516 0.450109 0.667188 0.426172 0.664891 0.405281 0.671391 0.384906 0.673984 0.357297 0.698922 0.350094 0.721594 0.346875 0.742844 0.356594 0.758781 0.366719 0.774531 0.371281 0.798094 0.370906 0.814078 0.385031 0.826937 0.403641
0 0.192969 0.100188 0.191906 0.115281 0.183109 0.127625 0.179187 0.143781 0.168016 0.156328 0.151672 0.160187 0.135594 0.152750 0.121953 0.151078 0.103547 0.155703 0.087141 0.148641 0.071000 0.137484 0.065797 0.118891 0.060891 0.100188 0.071875 0.083125 0.082828 0.069719 0.091734 0.056328 0.104203 0.045812 0.118687 0.037109 0.135594 0.042859 0.152266 0.037984 0.169891 0.040781 0.188828 0.046953 0.192656 0.067250 0.194797 0.084328
0 0.123297 0.902219 0.129141 0.919406 0.119578 0.933734 0.108000 0.945234 0.090219 0.945937 0.079375 0.955937 0.064984 0.956859 0.052969 0.947047 0.044172 0.938266 0.035703 0.931516 0.016016 0.930500 0.006391 0.917922 0.000984 0.902219 0.000078 0.884828 0.000000 0.863703 0.002312 0.839547 0.023344 0.830094 0.045672 0.830172 0.064984 0.832422 0.083266 0.833984 0.100375 0.840922 0.110203 0.857016 0.117453 0.871922 0.121250 0.887141
0 0.888344 0.639000 0.878125 0.663172 0.864797 0.683391 0.850562 0.701672 0.835875 0.722109 0.815047 0.740297 0.787891 0.740672 0.763031 0.731766 0.746891 0.710031 0.731750 0.695141 0.721234 0.677484 0.722625 0.656484 0.723812 0.639000 0.726797 0.622625 0.722203 0.601078 0.738000 0.589109 0.749656 0.572766 0.768719 0.567422 0.787891 0.559078 0.806266 0.570453 0.828391 0.568859 0.843406 0.583500 0.865953 0.593938 0.873875 0.615953