0 0.324969 0.355703 0.317297 0.372266 0.308344 0.386219 0.295953 0.396172 0.284094 0.405250 0.271375 0.415000 0.255484 0.423578 0.234734 0.433156 0.217594 0.421328 0.205406 0.405797 0.188188 0.394563 0.179406 0.376094 0.183297 0.355703 0.190125 0.338187 0.189375 0.317531 0.194953 0.295172 0.217062 0.289156 0.237750 0.289531 0.255484 0.296187 0.273016 0.290313 0.291953 0.292547 0.313453 0.297734 0.319031 0.319016 0.323062 0.337594
0 0.728141 0.410672 0.730797 0.424531 0.728062 0.438953 0.718469 0.450063 0.705453 0.456359 0.691766 0.458078 0.679063 0.454406 0.668594 0.449750 0.655641 0.451250 0.642156 0.447578 0.630875 0.438484 0.627844 0.424391 0.626109 0.410672 0.632594 0.398219 0.634031 0.384656 0.641734 0.373344 0.653641 0.366641 0.666266 0.362891 0.679063 0.359906 0.693297 0.357563 0.703641 0.368094 0.713438 0.376281 0.721938 0.385906 0.727062 0.397797
0 0.770875 0.478344 0.778828 0.491703 0.774062 0.504391 0.763938 0.513328 0.750797 0.516172 0.740078 0.519859 0.728953 0.523688 0.716906 0.523328 0.702859 0.523547 0.696203 0.511109 0.685859 0.503234 0.687484 0.489453 0.686766 0.478344 0.698078 0.470078 0.694453 0.458422 0.699969 0.449344 0.705453 0.437641 0.718297 0.438547 0.728953 0.429531 0.740172 0.436500 0.753484 0.435859 0.758234 0.449078 0.765781 0.457078 0.763891 0.468984
0 0.719672 0.292125 0.704000 0.317688 0.692375 0.340469 0.666469 0.349969 0.650203 0.364141 0.633000 0.383078 0.608625 0.397953 0.580313 0.397797 0.555828 0.383562 0.528328 0.372406 0.510578 0.348734 0.508422 0.318969 0.525047 0.292125 0.534125 0.272156 0.535438 0.249875 0.543578 0.227078 0.556969 0.202656 0.579328 0.182812 0.608625 0.172531 0.637531 0.184250 0.663984 0.196234 0.681719 0.219031 0.707453 0.235063 0.707313 0.265672
0 0.378812 0.704844 0.382437 0.717703 0.373031 0.727125 0.372016 0.742422 0.359563 0.748375 0.347797 0.754703 0.334437 0.760344 0.319750 0.759672 0.306281 0.753609 0.296828 0.742453 0.290047 0.730484 0.288891 0.717047 0.282906 0.704844 0.285609 0.691766 0.288094 0.678094 0.297812 0.668219 0.310719 0.663766 0.321391 0.656172 0.334437 0.659406 0.347922 0.654500 0.364063 0.653516 0.379609 0.659672 0.387078 0.674453 0.388578 0.690344
0 0.585313 0.164578 0.587031 0.177953 0.584984 0.192203 0.573047 0.200469 0.559422 0.203172 0.548156 0.205687 0.537141 0.212062 0.523375 0.216000 0.511750 0.208578 0.501625 0.200109 0.495281 0.188750 0.492750 0.176484 0.489719 0.164578 0.496078 0.153578 0.488594 0.136547 0.498953 0.126391 0.508125 0.114297 0.524766 0.118375 0.537141 0.110125 0.551281 0.111844 0.566281 0.114109 0.574109 0.127625 0.582078 0.138641 0.583594 0.152141
0 0.221594 0.286016 0.210531 0.309844 0.199313 0.330859 0.187437 0.351812 0.166219 0.363219 0.142484 0.363766 0.121641 0.373828 0.096469 0.379969 0.062375 0.388672 0.056781 0.350891 0.045172 0.330187 0.046109 0.306266 0.022109 0.286016 0.041266 0.264484 0.047422 0.243172 0.062859 0.227234 0.075625 0.206312 0.099250 0.202406 0.121641 0.192391 0.148500 0.185797 0.166234 0.208797 0.172172 0.235500 0.186172 0.248766 0.210406 0.262250
0 0.661266 0.355766 0.661188 0.375906 0.657859 0.397234 0.648562 0.418297 0.628531 0.429344 0.609359 0.442781 0.586047 0.441641 0.561625 0.446922 0.542219 0.431703 0.524922 0.416891 0.513250 0.397797 0.498688 0.379188 0.503234 0.355766 0.516984 0.337266 0.532547 0.324875 0.527844 0.297578 0.541453 0.278516 0.562297 0.267109 0.586047 0.276109 0.609234 0.269266 0.631687 0.276734 0.650609 0.291203 0.655844 0.315469 0.659531 0.336078
0 0.874500 0.450047 0.882328 0.470313 0.875391 0.489703 0.862406 0.505734 0.840062 0.507797 0.823703 0.513453 0.806719 0.525531 0.782781 0.539391 0.763828 0.524328 0.757703 0.499062 0.759844 0.477125 0.753469 0.464313 0.738734 0.450047 0.747922 0.434297 0.756125 0.420844 0.768000 0.411328 0.773813 0.393047 0.785984 0.372656 0.806719 0.368438 0.827000 0.374375 0.842672 0.387797 0.850844 0.405938 0.859953 0.419313 0.866406 0.434063
0 0.957047 0.736234 0.962500 0.751469 0.962094 0.768828 0.953844 0.784422 0.937281 0.791031 0.920141 0.790312 0.905656 0.786656 0.892141 0.786641 0.879906 0.780813 0.872922 0.768969 0.874531 0.754203 0.868859 0.746094 0.856703 0.736234 0.858687 0.723656 0.868391 0.714719 0.876625 0.707203 0.880172 0.692109 0.891969 0.685203 0.905656 0.690750 0.915984 0.697641 0.929391 0.695125 0.943891 0.698000 0.954203 0.708203 0.955641 0.722844
0 0.787719 0.347547 0.778859 0.363094 0.776859 0.379906 0.772969 0.399688 0.759609 0.414734 0.740266 0.420078 0.720828 0.419484 0.700313 0.424125 0.684469 0.410516 0.668922 0.399453 0.662719 0.381094 0.649750 0.366594 0.644750 0.347547 0.654469 0.329766 0.663125 0.314234 0.671219 0.297938 0.685375 0.286141 0.702906 0.280687 0.720828 0.287391 0.737078 0.286891 0.755234 0.287953 0.775984 0.292391 0.793500 0.305594 0.797734 0.326937
0 0.968812 0.561109 0.970703 0.576203 0.972953 0.594922 0.965109 0.611812 0.945453 0.614859 0.930016 0.619313 0.914406 0.616547 0.898062 0.622109 0.880031 0.620672 0.870656 0.604875 0.868437 0.587656 0.875609 0.571516 0.867406 0.561109 0.867578 0.548562 0.865172 0.532687 0.872437 0.519141 0.885641 0.511281 0.900797 0.510297 0.914406 0.508016 0.931734 0.496453 0.946109 0.506203 0.955453 0.520078 0.958891 0.535438 0.963906 0.547859
0 0.953547 0.279641 0.950672 0.291484 0.945781 0.302328 0.938656 0.311812 0.931469 0.322922 0.920203 0.330828 0.906484 0.337531 0.891484 0.335625 0.874625 0.334828 0.865391 0.320734 0.853969 0.309969 0.850141 0.294734 0.842219 0.279641 0.849047 0.264250 0.858453 0.251906 0.873234 0.246391 0.881078 0.235641 0.891594 0.224031 0.906484 0.224703 0.919734 0.230187 0.929797 0.239250 0.950344 0.235781 0.959359 0.249109 0.961313 0.264953
0 0.972281 0.932578 0.973734 0.945813 0.972578 0.960437 0.964328 0.972578 0.953281 0.982766 0.936266 0.977219 0.924312 0.978000 0.914484 0.969219 0.902156 0.970922 0.891141 0.965750 0.880562 0.957828 0.879000 0.944719 0.877156 0.932578 0.873344 0.918922 0.880719 0.907406 0.891281 0.899547 0.904406 0.898109 0.913297 0.891500 0.924312 0.880391 0.937688 0.882656 0.949344 0.889203 0.954438 0.902437 0.962172 0.910703 0.972078 0.919766
0 0.631422 0.882625 0.630016 0.906766 0.629453 0.934313 0.609312 0.951984 0.593219 0.974906 0.565078 0.976406 0.539937 0.960344 0.523219 0.945031 0.503891 0.945078 0.482656 0.939906 0.469422 0.923344 0.458625 0.904406 0.446688 0.882625 0.439937 0.855828 0.454063 0.833047 0.485828 0.828516 0.504047 0.820453 0.520781 0.811094 0.539937 0.790203 0.564234 0.791969 0.582000 0.809781 0.602359 0.820203 0.612500 0.840734 0.621766 0.860703
0 0.481703 0.273359 0.477078 0.295812 0.471797 0.318688 0.457516 0.337578 0.443422 0.360187 0.415984 0.358063 0.393297 0.360063 0.372938 0.349344 0.354516 0.340531 0.329062 0.337594 0.309547 0.321719 0.286984 0.301844 0.299406 0.273359 0.306891 0.250203 0.316969 0.229297 0.331391 0.211453 0.353250 0.204000 0.372125 0.194328 0.393297 0.187484 0.417312 0.183703 0.434609 0.201797 0.455312 0.211328 0.468703 0.229828 0.483406 0.249219
0 0.717562 0.824969 0.711875 0.842062 0.705500 0.858109 0.693281 0.870141 0.680859 0.881703 0.663641 0.882938 0.648109 0.891563 0.628156 0.899438 0.610250 0.890547 0.593875 0.879203 0.587719 0.859844 0.567656 0.846531 0.581750 0.824969 0.585016 0.808062 0.603688 0.799328 0.599469 0.776344 0.613234 0.764563 0.629156 0.754266 0.648109 0.745500 0.667547 0.752422 0.687297 0.757109 0.695422 0.777656 0.708406 0.790156 0.715734 0.806859
0 0.775594 0.893828 0.773109 0.907609 0.765219 0.918953 0.762953 0.935063 0.750953 0.944453 0.736766 0.949969 0.721719 0.949125 0.706125 0.952031 0.689031 0.950469 0.672813 0.942750 0.663578 0.927406 0.663188 0.909516 0.665656 0.893828 0.663188 0.878141 0.666203 0.861781 0.675078 0.847172 0.687547 0.834625 0.704828 0.830750 0.721719 0.837406 0.733750 0.848938 0.748078 0.848203 0.762437 0.853125 0.772141 0.864719 0.776062 0.879281
0 0.888453 0.794312 0.884484 0.812578 0.877219 0.829484 0.873734 0.851750 0.860000 0.870000 0.837422 0.873109 0.816297 0.875297 0.796875 0.866844 0.775391 0.865172 0.756891 0.853734 0.742656 0.836828 0.726781 0.818297 0.737437 0.794312 0.740469 0.774000 0.756719 0.759906 0.770234 0.748250 0.783641 0.737750 0.798578 0.728172 0.816297 0.719578 0.838578 0.711172 0.858531 0.721172 0.879937 0.730672 0.884844 0.754750 0.892609 0.773859
0 0.722516 0.598141 0.722844 0.623734 0.709156 0.645406 0.694547 0.665391 0.674328 0.679625 0.650438 0.684547 0.627281 0.680250 0.608172 0.669484 0.590359 0.662109 0.568187 0.657234 0.558828 0.637656 0.546531 0.619766 0.555297 0.598141 0.550078 0.577453 0.556016 0.556984 0.564438 0.535281 0.575844 0.509031 0.602859 0.506953 0.627281 0.509453 0.648766 0.517984 0.675906 0.513922 0.689484 0.535937 0.698125 0.557234 0.702797 0.577906
0 0.517828 0.419984 0.518406 0.440000 0.504422 0.455031 0.493453 0.469719 0.475016 0.474203 0.460734 0.483484 0.443719 0.501859 0.422281 0.499984 0.401266 0.493500 0.392125 0.471578 0.375969 0.459094 0.369156 0.439953 0.373828 0.419984 0.374891 0.401531 0.393828 0.391172 0.393891 0.370156 0.406984 0.356375 0.423266 0.343625 0.443719 0.341297 0.462031 0.351656 0.482969 0.352000 0.500703 0.362984 0.515156 0.378734 0.526641 0.397766
0 0.752266 0.908797 0.758484 0.932031 0.744203 0.950625 0.731984 0.969016 0.711094 0.976906 0.690984 0.980516 0.671766 0.984031 0.645969 1.000000 0.617703 1.000000 0.597547 0.983016 0.598828 0.950906 0.592000 0.930172 0.593344 0.908797 0.593891 0.887922 0.599938 0.867328 0.605000 0.842031 0.619859 0.818891 0.647531 0.818344 0.671766 0.825109 0.693984 0.825875 0.718469 0.827891 0.736297 0.844266 0.733297 0.873281 0.744250 0.889375
0 0.531828 0.140156 0.528391 0.157641 0.522172 0.174250 0.514344 0.191375 0.498688 0.201750 0.480672 0.205641 0.463125 0.197078 0.451250 0.184516 0.442031 0.176719 0.432578 0.170719 0.413938 0.168563 0.402828 0.156328 0.392250 0.140156 0.388156 0.120078 0.398188 0.102656 0.413547 0.090578 0.431438 0.085281 0.445094 0.072859 0.463125 0.072703 0.477531 0.086391 0.487375 0.098156 0.499234 0.104062 0.517453 0.108797 0.527828 0.122828
0 0.334922 0.242844 0.326359 0.260000 0.313312 0.272266 0.315641 0.296125 0.299984 0.308031 0.282813 0.319203 0.262359 0.318703 0.241875 0.319297 0.218891 0.318125 0.196687 0.308516 0.192953 0.282922 0.180469 0.264797 0.181031 0.242844 0.165469 0.216891 0.186031 0.198781 0.200188 0.180672 0.221859 0.172703 0.240062 0.159672 0.262359 0.156000 0.281344 0.172000 0.292859 0.190031 0.305000 0.200203 0.329516 0.204078 0.347531 0.220031
0 0.514313 0.186000 0.513547 0.210844 0.507172 0.235828 0.489125 0.254266 0.473766 0.277641 0.453281 0.307016 0.420859 0.302891 0.392781 0.290766 0.372766 0.269297 0.354016 0.252844 0.333812 0.236266 0.324516 0.211813 0.319969 0.186000 0.337656 0.163703 0.336719 0.137422 0.346641 0.111781 0.372328 0.101937 0.401375 0.113297 0.420859 0.115500 0.442516 0.105172 0.468469 0.103531 0.486828 0.120047 0.501766 0.139297 0.500578 0.164641