0 0.488109 0.118406 0.490547 0.144406 0.490859 0.174609 0.476203 0.201109 0.449609 0.215594 0.418469 0.211594 0.393500 0.211750 0.367734 0.214547 0.338203 0.214188 0.313422 0.198484 0.286391 0.180250 0.273859 0.150453 0.279281 0.118406 0.301172 0.093672 0.315078 0.073125 0.327391 0.052297 0.349641 0.042438 0.368500 0.025109 0.393500 0.011422 0.423172 0.007656 0.454172 0.013312 0.470344 0.041563 0.486703 0.064594 0.480109 0.095203
0 0.421047 0.522906 0.413187 0.542266 0.406828 0.560922 0.388109 0.570031 0.377406 0.586000 0.359109 0.590531 0.340984 0.606547 0.320906 0.597875 0.300344 0.593328 0.282781 0.581125 0.269016 0.564469 0.258906 0.544906 0.265984 0.522906 0.255469 0.500000 0.265672 0.479422 0.272828 0.454750 0.294109 0.441719 0.318594 0.439344 0.340984 0.440203 0.362125 0.444031 0.385188 0.446359 0.406156 0.457750 0.416031 0.479594 0.422828 0.500984
0 0.798625 0.411844 0.806031 0.438734 0.780281 0.454938 0.773344 0.479547 0.749594 0.487969 0.733172 0.514594 0.705641 0.525672 0.674922 0.526500 0.650781 0.506859 0.632219 0.485266 0.618313 0.462250 0.615953 0.435875 0.619313 0.411844 0.629531 0.391453 0.619500 0.362109 0.636609 0.342813 0.649672 0.314906 0.682328 0.324844 0.705641 0.318703 0.732219 0.312641 0.755437 0.325578 0.785187 0.332297 0.784594 0.366250 0.813547 0.382922
0 0.240609 0.620094 0.241063 0.644109 0.236266 0.669063 0.225906 0.694531 0.207016 0.716297 0.176641 0.714063 0.151469 0.712797 0.130828 0.697156 0.109469 0.692844 0.079266 0.692297 0.059219 0.673359 0.046437 0.648250 0.057750 0.620094 0.079922 0.600938 0.080687 0.579234 0.098828 0.567469 0.100391 0.531625 0.127188 0.529484 0.151469 0.516031 0.178844 0.517922 0.208172 0.521875 0.234328 0.537250 0.243688 0.566859 0.249734 0.593766
0 0.781016 0.856844 0.774203 0.873500 0.763563 0.886578 0.757344 0.902125 0.743484 0.911266 0.729938 0.923547 0.712063 0.920859 0.694125 0.923797 0.682984 0.907234 0.666625 0.902297 0.665891 0.883516 0.653859 0.872453 0.643344 0.856844 0.640500 0.837672 0.645188 0.818234 0.663656 0.808437 0.677203 0.796469 0.696391 0.798328 0.712063 0.797031 0.725297 0.807500 0.741531 0.805828 0.752797 0.816125 0.773688 0.821281 0.781813 0.838172
0 0.623188 0.136531 0.625047 0.148969 0.620844 0.160906 0.615406 0.173313 0.603156 0.179047 0.589656 0.177734 0.578625 0.173016 0.566484 0.181781 0.552703 0.181406 0.541312 0.173828 0.531984 0.163453 0.526719 0.150438 0.522781 0.136531 0.530094 0.123531 0.535641 0.111719 0.544703 0.102609 0.555469 0.096422 0.565453 0.087375 0.578625 0.081797 0.592375 0.085156 0.606516 0.088219 0.613500 0.101641 0.618563 0.113469 0.617672 0.126063
0 0.428234 0.384188 0.425187 0.410531 0.401875 0.427500 0.396437 0.453766 0.370578 0.459922 0.353313 0.482953 0.326859 0.472859 0.303656 0.470797 0.282813 0.460469 0.262609 0.448437 0.248813 0.429250 0.238437 0.407891 0.232703 0.384188 0.236766 0.360047 0.258297 0.344609 0.273016 0.330359 0.289516 0.319516 0.307016 0.310172 0.326859 0.300094 0.348469 0.303547 0.368297 0.312422 0.379047 0.332000 0.402219 0.340672 0.423781 0.358219
0 0.742578 0.307547 0.726828 0.330937 0.726187 0.357594 0.707219 0.375250 0.687281 0.390266 0.661562 0.389781 0.639531 0.397344 0.613828 0.403469 0.590875 0.391828 0.571250 0.375844 0.556641 0.355406 0.549344 0.331719 0.542906 0.307547 0.548562 0.283172 0.568016 0.266266 0.574484 0.242516 0.596719 0.233422 0.616219 0.220594 0.639531 0.237047 0.659641 0.232516 0.678859 0.239422 0.699734 0.247344 0.718359 0.262031 0.738266 0.281094
0 0.784219 0.378094 0.786125 0.394219 0.780453 0.409562 0.772625 0.424797 0.751906 0.423094 0.738812 0.426187 0.725922 0.426687 0.713141 0.425797 0.700719 0.421734 0.693625 0.410391 0.683859 0.402375 0.675328 0.391656 0.663469 0.378094 0.659125 0.360187 0.659563 0.339766 0.671500 0.323656 0.691188 0.317922 0.711234 0.323266 0.725922 0.324766 0.741828 0.318734 0.762906 0.314047 0.778344 0.325672 0.789313 0.341500 0.786438 0.361875
0 0.099094 0.942953 0.095063 0.954891 0.084125 0.962359 0.080234 0.972656 0.073156 0.982125 0.064531 0.995203 0.050531 1.000000 0.035484 0.999141 0.023578 0.989641 0.012703 0.980797 0.005219 0.969125 0.000000 0.956828 0.000000 0.942953 0.000000 0.927969 0.005375 0.916891 0.017859 0.910281 0.031422 0.909844 0.040281 0.904687 0.050531 0.900797 0.063359 0.895125 0.074469 0.901516 0.082016 0.911484 0.090406 0.919937 0.102188 0.929125
0 0.862453 0.730141 0.851859 0.750563 0.839188 0.766844 0.813500 0.768031 0.808422 0.786937 0.792672 0.793797 0.775625 0.818781 0.754938 0.807344 0.733422 0.803234 0.722828 0.782922 0.703375 0.771844 0.707359 0.748422 0.707188 0.730141 0.705156 0.711250 0.699531 0.686203 0.714219 0.668734 0.736359 0.662141 0.759953 0.671672 0.775625 0.665859 0.794125 0.661047 0.820203 0.652891 0.843281 0.662469 0.851906 0.686094 0.859641 0.707625
0 0.310953 0.819656 0.307453 0.835219 0.298063 0.847750 0.286641 0.856891 0.277625 0.868531 0.263828 0.873422 0.249422 0.879328 0.232641 0.882250 0.213250 0.882312 0.202109 0.866984 0.196953 0.849953 0.189297 0.835766 0.187469 0.819656 0.177797 0.800469 0.186563 0.783375 0.202984 0.773234 0.221578 0.771437 0.235047 0.766047 0.249422 0.746984 0.269109 0.746188 0.284391 0.759094 0.297484 0.771594 0.302438 0.789047 0.311812 0.802953
0 0.607969 0.398234 0.598859 0.412516 0.592453 0.425312 0.591125 0.443797 0.584281 0.465313 0.566109 0.474953 0.545547 0.471250 0.528031 0.463625 0.512734 0.455063 0.496672 0.447109 0.487609 0.431687 0.490500 0.412984 0.480922 0.398234 0.491187 0.383672 0.491359 0.366938 0.509094 0.361781 0.518719 0.351734 0.531078 0.344219 0.545547 0.334078 0.565453 0.323984 0.583141 0.333141 0.594859 0.348922 0.601844 0.365734 0.612437 0.380312
0 0.616391 0.178234 0.617906 0.207281 0.601109 0.231125 0.579812 0.248547 0.556656 0.259906 0.534656 0.272125 0.509500 0.269516 0.489063 0.254484 0.474016 0.239687 0.457688 0.230047 0.430156 0.224031 0.418969 0.202484 0.399891 0.178234 0.431813 0.157406 0.447063 0.142187 0.463781 0.132500 0.469813 0.109484 0.486297 0.091656 0.509500 0.083094 0.534922 0.083344 0.558766 0.092906 0.575000 0.112734 0.594172 0.129344 0.610906 0.151047
0 0.315844 0.713187 0.322219 0.725828 0.318281 0.738172 0.311016 0.749203 0.298469 0.753844 0.287500 0.759875 0.275000 0.758266 0.261500 0.763547 0.250062 0.756359 0.238922 0.749266 0.235734 0.735859 0.227375 0.725938 0.225797 0.713187 0.226312 0.700141 0.228906 0.686562 0.235016 0.673203 0.246328 0.663516 0.261969 0.664547 0.275000 0.661922 0.287750 0.665578 0.297109 0.674875 0.302375 0.685797 0.303828 0.696531 0.312047 0.703250
0 0.399906 0.697766 0.385375 0.720828 0.382016 0.745500 0.361906 0.760328 0.360312 0.803375 0.330766 0.815078 0.299344 0.823188 0.274328 0.791125 0.257125 0.770891 0.249156 0.747953 0.227687 0.739141 0.217500 0.719703 0.209500 0.697766 0.216141 0.675469 0.222250 0.653266 0.221422 0.619844 0.248734 0.610109 0.273953 0.603047 0.299344 0.610234 0.324187 0.605016 0.348547 0.612547 0.364734 0.632375 0.378750 0.651922 0.390062 0.673453
0 0.899781 0.844688 0.894344 0.862672 0.887750 0.879625 0.871031 0.888469 0.857187 0.896531 0.843484 0.905281 0.827250 0.925641 0.805312 0.926578 0.785719 0.916641 0.772141 0.899797 0.760375 0.883297 0.755094 0.864031 0.750156 0.844688 0.763828 0.827703 0.757594 0.804469 0.768609 0.786047 0.783813 0.769469 0.808344 0.774156 0.827250 0.783516 0.844906 0.778781 0.870828 0.769203 0.888828 0.783109 0.904797 0.799922 0.895484 0.826406
0 0.530281 0.283594 0.518391 0.292906 0.518422 0.303656 0.515172 0.315094 0.508188 0.326047 0.495469 0.327625 0.483672 0.323437 0.472984 0.323516 0.461391 0.322203 0.448875 0.318406 0.436922 0.310594 0.432000 0.297438 0.436547 0.283594 0.435859 0.270781 0.441312 0.259141 0.444375 0.244297 0.458625 0.240203 0.471094 0.236656 0.483672 0.240891 0.493094 0.248438 0.502375 0.251203 0.517344 0.249922 0.532984 0.255125 0.536344 0.269484
0 0.807094 0.201297 0.799453 0.214938 0.789547 0.224984 0.786734 0.239500 0.780078 0.255969 0.765906 0.266156 0.748516 0.267641 0.731734 0.263953 0.716812 0.256219 0.700391 0.249422 0.689109 0.235609 0.688078 0.217484 0.685844 0.201297 0.685484 0.184406 0.686500 0.165500 0.700969 0.153750 0.719000 0.150156 0.733563 0.145437 0.748516 0.142547 0.763453 0.145578 0.781359 0.144406 0.796297 0.153531 0.810812 0.165344 0.813813 0.183797
0 0.591703 0.554641 0.584875 0.567734 0.581328 0.580797 0.577937 0.596562 0.565109 0.605047 0.550891 0.610203 0.536016 0.604516 0.522656 0.604453 0.512250 0.595781 0.502437 0.588203 0.492812 0.579578 0.485359 0.568203 0.493234 0.554641 0.504156 0.546094 0.507688 0.538281 0.506094 0.524719 0.511703 0.512531 0.524062 0.510062 0.536016 0.502828 0.550375 0.501000 0.565063 0.504297 0.573359 0.517297 0.583375 0.527297 0.589422 0.540328
0 0.543156 0.333000 0.553891 0.353969 0.558391 0.380781 0.557547 0.414906 0.534047 0.434172 0.504328 0.440078 0.475625 0.438641 0.452266 0.420188 0.424797 0.421047 0.417797 0.390828 0.394031 0.380109 0.392078 0.355375 0.372703 0.333000 0.369453 0.304547 0.377297 0.276219 0.402172 0.259547 0.432578 0.258422 0.452781 0.247703 0.475625 0.237734 0.503547 0.228781 0.524172 0.248922 0.550828 0.257797 0.556125 0.286531 0.558422 0.310812
0 0.319953 0.310391 0.320156 0.326953 0.317375 0.344469 0.296516 0.348562 0.281969 0.351313 0.269437 0.351797 0.258344 0.354000 0.246969 0.352828 0.230859 0.357969 0.221125 0.347594 0.206375 0.340391 0.199141 0.326250 0.190922 0.310391 0.203609 0.295719 0.215047 0.285391 0.222703 0.274750 0.229047 0.259641 0.245516 0.262531 0.258344 0.258375 0.269250 0.269656 0.284719 0.264703 0.293531 0.275203 0.309266 0.280984 0.308438 0.296953
0 0.811672 0.426750 0.808078 0.441016 0.799328 0.452437 0.792406 0.464328 0.783062 0.475641 0.772531 0.492828 0.754828 0.486359 0.739828 0.482734 0.732625 0.465219 0.719469 0.462109 0.715547 0.449437 0.703500 0.440500 0.702187 0.426750 0.696047 0.411000 0.707656 0.399516 0.713000 0.384906 0.726219 0.377172 0.738719 0.366625 0.754828 0.370984 0.767766 0.378469 0.774516 0.392656 0.791203 0.390375 0.803000 0.398953 0.817766 0.409891
0 0.488594 0.803828 0.498875 0.832703 0.493078 0.862672 0.482031 0.894703 0.461688 0.926031 0.426563 0.936016 0.391141 0.919672 0.364828 0.902047 0.341578 0.889687 0.314625 0.880359 0.302453 0.855047 0.295609 0.829438 0.289516 0.803828 0.298094 0.778906 0.305734 0.754516 0.324234 0.736922 0.341422 0.717719 0.366094 0.710297 0.391141 0.700547 0.415734 0.712078 0.436828 0.724703 0.455547 0.739437 0.471844 0.757250 0.488938 0.777625
0 0.984734 0.589813 0.988000 0.611500 0.983391 0.633859 0.972875 0.655594 0.950562 0.665109 0.928516 0.669828 0.907078 0.676469 0.885375 0.670797 0.868625 0.656422 0.851828 0.645062 0.850156 0.622687 0.835203 0.609078 0.842609 0.589813 0.833172 0.570000 0.852656 0.558391 0.868844 0.551562 0.876953 0.537625 0.889078 0.522641 0.907078 0.505969 0.927422 0.513922 0.949563 0.516250 0.956828 0.540078 0.969938 0.553516 0.973375 0.572047
0 0.239625 0.868859 0.238750 0.887703 0.237203 0.908578 0.219016 0.919469 0.201250 0.925734 0.186812 0.937531 0.168406 0.961641 0.144906 0.956563 0.124359 0.945141 0.112547 0.924703 0.095500 0.910937 0.091484 0.889469 0.079875 0.868859 0.073281 0.843359 0.080484 0.818094 0.097453 0.797906 0.123922 0.791797 0.143844 0.777203 0.168406 0.783703 0.190297 0.787172 0.209922 0.796938 0.231359 0.805891 0.248188 0.822797 0.245562 0.848172
0 0.671719 0.194922 0.677750 0.216906 0.661672 0.233016 0.640375 0.239594 0.620672 0.238172 0.609187 0.245234 0.595703 0.248563 0.580109 0.253141 0.563109 0.251406 0.542516 0.248109 0.527969 0.234031 0.528250 0.213000 0.529625 0.194922 0.537687 0.179375 0.541375 0.163562 0.551687 0.150906 0.561797 0.136187 0.577141 0.125672 0.595703 0.116531 0.615578 0.120750 0.631812 0.132391 0.646828 0.143797 0.655484 0.160422 0.670203 0.174969
0 0.365141 0.893359 0.369937 0.919547 0.361516 0.944922 0.344156 0.965312 0.319312 0.974984 0.297297 0.987047 0.272187 0.993906 0.245438 0.993203 0.219641 0.984375 0.206406 0.959125 0.173766 0.950172 0.169453 0.920891 0.153656 0.893359 0.179281 0.868453 0.178828 0.839453 0.214531 0.835688 0.223328 0.808719 0.246859 0.798844 0.272187 0.781859 0.300703 0.786922 0.321734 0.807531 0.342469 0.823063 0.343797 0.852016 0.352281 0.871891
0 0.282359 0.253703 0.296109 0.278094 0.287984 0.301563 0.267656 0.316281 0.241109 0.316109 0.220672 0.311937 0.205063 0.331469 0.187859 0.317922 0.166203 0.321000 0.155578 0.303187 0.138406 0.292187 0.125688 0.274969 0.113016 0.253703 0.114109 0.229328 0.131219 0.211063 0.140516 0.189141 0.159000 0.173906 0.179719 0.159078 0.205063 0.168328 0.231656 0.154453 0.249734 0.176328 0.274359 0.184406 0.275609 0.212969 0.293719 0.229937
0 0.850641 0.163266 0.873047 0.191578 0.864125 0.219125 0.848203 0.244109 0.824141 0.261594 0.797156 0.274453 0.767359 0.268344 0.739266 0.268109 0.712203 0.258781 0.694312 0.236313 0.691141 0.207266 0.683094 0.185844 0.668844 0.163266 0.669813 0.137125 0.687828 0.117344 0.702031 0.097937 0.722750 0.086000 0.742375 0.070016 0.767359 0.074922 0.792125 0.070859 0.814891 0.080937 0.839172 0.091453 0.837844 0.122562 0.843625 0.142828