0 0.710984 0.671578 0.719891 0.698703 0.712484 0.725750 0.698063 0.751000 0.670109 0.760703 0.645469 0.771641 0.618656 0.774641 0.595781 0.756953 0.579734 0.739000 0.571875 0.718359 0.542563 0.715516 0.533438 0.694422 0.531203 0.671578 0.554422 0.654375 0.559953 0.637687 0.566188 0.619109 0.576641 0.598828 0.595313 0.584500 0.618656 0.572719 0.645937 0.569781 0.668891 0.584578 0.681688 0.608547 0.691078 0.629766 0.702781 0.649031
0 0.853297 0.703547 0.859422 0.719203 0.844828 0.728859 0.839312 0.741859 0.826172 0.747141 0.814859 0.755250 0.801016 0.752281 0.787609 0.753578 0.769406 0.758297 0.755594 0.748969 0.741891 0.737688 0.738828 0.720219 0.734516 0.703547 0.752469 0.690547 0.759797 0.679750 0.768578 0.671125 0.770969 0.651531 0.785281 0.644828 0.801016 0.648734 0.813844 0.655687 0.827891 0.657000 0.836484 0.668078 0.840828 0.680562 0.842437 0.692453
0 0.472078 0.530594 0.479891 0.551094 0.473609 0.571125 0.460953 0.588141 0.445516 0.603516 0.426563 0.617000 0.403406 0.617859 0.383297 0.605656 0.364844 0.597391 0.347547 0.586453 0.332016 0.571812 0.325016 0.551609 0.311828 0.530594 0.322438 0.508906 0.333547 0.490266 0.359078 0.486266 0.367297 0.468047 0.383641 0.456828 0.403406 0.461234 0.419688 0.469844 0.430672 0.483375 0.450578 0.483422 0.459000 0.498500 0.467453 0.513437
0 0.891953 0.922641 0.884359 0.936406 0.885203 0.952797 0.876484 0.966172 0.870813 0.988219 0.849938 0.986047 0.832953 0.994063 0.817719 0.979484 0.803328 0.973953 0.797891 0.957703 0.793781 0.945250 0.778828 0.937141 0.772250 0.922641 0.772391 0.906406 0.781297 0.892813 0.793328 0.883016 0.801344 0.867875 0.816875 0.862641 0.832953 0.859500 0.848281 0.865437 0.861625 0.872953 0.871906 0.883672 0.883516 0.893437 0.887203 0.908094
0 0.330578 0.577594 0.325547 0.594797 0.321453 0.612297 0.318250 0.634500 0.306031 0.654984 0.285109 0.666297 0.261344 0.664219 0.241516 0.651656 0.226562 0.637844 0.214016 0.624937 0.196313 0.615156 0.185141 0.598016 0.174484 0.577594 0.177125 0.555031 0.185172 0.533625 0.200937 0.517188 0.222406 0.510141 0.242875 0.508672 0.261344 0.503469 0.283562 0.494672 0.304672 0.502578 0.319172 0.519781 0.324500 0.541141 0.334609 0.557969
0 0.243578 0.582109 0.242688 0.593969 0.246391 0.609797 0.235828 0.619484 0.225766 0.629422 0.210953 0.628781 0.198453 0.642672 0.184734 0.633281 0.174797 0.623078 0.168391 0.612172 0.156078 0.606578 0.150438 0.594984 0.149609 0.582109 0.150578 0.569281 0.154984 0.557016 0.162938 0.546609 0.174766 0.541094 0.185828 0.535031 0.198453 0.525625 0.213266 0.526844 0.230750 0.526172 0.241906 0.538672 0.251766 0.551328 0.250437 0.568187
0 0.972016 0.394531 0.960344 0.418328 0.942344 0.435406 0.922547 0.445516 0.905438 0.453203 0.892875 0.474094 0.871547 0.473734 0.845438 0.492000 0.823781 0.477266 0.802719 0.463359 0.798063 0.436969 0.782703 0.418328 0.779938 0.394531 0.781375 0.370359 0.807391 0.357484 0.822469 0.345453 0.839406 0.338859 0.848484 0.308453 0.871547 0.289609 0.903469 0.275406 0.930391 0.292609 0.947672 0.318422 0.954906 0.346406 0.958656 0.371188
0 0.894281 0.100531 0.923031 0.127859 0.915906 0.155297 0.904844 0.184312 0.874391 0.192891 0.848938 0.204547 0.821078 0.192109 0.799656 0.180469 0.786094 0.161125 0.772922 0.148688 0.758469 0.136688 0.743797 0.121250 0.737688 0.100531 0.738922 0.078516 0.753203 0.061359 0.756375 0.035844 0.771969 0.015500 0.793828 0.000000 0.821078 0.006922 0.840563 0.027797 0.856188 0.039719 0.876938 0.044672 0.884344 0.064016 0.896297 0.080375
0 0.818594 0.376188 0.819984 0.389922 0.811156 0.400672 0.801703 0.409141 0.789656 0.412375 0.778625 0.413016 0.768766 0.417156 0.758531 0.414375 0.744172 0.418781 0.731078 0.413891 0.721719 0.403359 0.717063 0.390047 0.714703 0.376188 0.716219 0.362109 0.728625 0.353016 0.735891 0.343313 0.747406 0.339188 0.758797 0.339016 0.768766 0.336656 0.781359 0.329188 0.797703 0.326063 0.811406 0.333547 0.817828 0.347859 0.825359 0.361031
0 0.167750 0.593547 0.165922 0.608719 0.158422 0.621922 0.154719 0.638984 0.141406 0.649172 0.123797 0.647656 0.109297 0.651750 0.093547 0.652313 0.078406 0.647047 0.071109 0.631734 0.061156 0.621344 0.050844 0.609219 0.047875 0.593547 0.059094 0.580109 0.062453 0.566500 0.069281 0.553531 0.078219 0.539750 0.091531 0.527297 0.109297 0.530078 0.125109 0.534516 0.139344 0.541500 0.154844 0.548000 0.166719 0.560406 0.170125 0.577250
0 0.848203 0.354187 0.842141 0.366344 0.834844 0.376172 0.825812 0.383234 0.822703 0.399109 0.810859 0.406766 0.796766 0.409484 0.784234 0.400969 0.774859 0.392141 0.767766 0.383188 0.765406 0.372297 0.759609 0.364141 0.752453 0.354187 0.752391 0.342297 0.755469 0.330344 0.766406 0.323828 0.775031 0.316547 0.785969 0.313906 0.796766 0.308094 0.809313 0.307359 0.820953 0.312297 0.829937 0.321016 0.838063 0.330344 0.845656 0.341094
0 0.354281 0.435844 0.353094 0.467859 0.312312 0.481266 0.293516 0.495734 0.269203 0.497453 0.261937 0.541500 0.233625 0.546375 0.204516 0.544469 0.183125 0.523313 0.160141 0.509328 0.145125 0.486937 0.133406 0.462688 0.128672 0.435844 0.119359 0.405219 0.134203 0.378437 0.153234 0.355453 0.180438 0.343719 0.208891 0.343516 0.233625 0.333094 0.258531 0.342922 0.279672 0.356078 0.290406 0.379062 0.312547 0.390281 0.343750 0.406328
0 0.923250 0.500141 0.888062 0.523359 0.876359 0.543406 0.861453 0.560172 0.856250 0.595094 0.833109 0.618391 0.801422 0.618953 0.770937 0.613922 0.743188 0.601016 0.713266 0.588297 0.710766 0.552484 0.715719 0.523109 0.724375 0.500141 0.714719 0.476906 0.708891 0.446719 0.715281 0.414000 0.745625 0.403500 0.776062 0.405500 0.801422 0.413906 0.827812 0.401687 0.851250 0.413859 0.871391 0.430188 0.895969 0.445563 0.913141 0.470203
0 0.516000 0.825859 0.503047 0.848687 0.479547 0.861484 0.468750 0.876781 0.458031 0.895484 0.439594 0.907062 0.417828 0.917531 0.395859 0.907875 0.372469 0.904438 0.360141 0.883563 0.343812 0.868594 0.344922 0.845391 0.331625 0.825859 0.335547 0.803813 0.341281 0.781656 0.359234 0.767266 0.374906 0.751500 0.395703 0.743266 0.417828 0.737594 0.441234 0.738516 0.462953 0.747703 0.474969 0.768719 0.488094 0.785297 0.510469 0.801031
0 0.880391 0.754625 0.874109 0.767391 0.869000 0.779172 0.872484 0.800641 0.860344 0.813281 0.843672 0.818781 0.826484 0.817562 0.809016 0.819828 0.787266 0.822563 0.768281 0.812828 0.757562 0.794422 0.759344 0.772625 0.764547 0.754625 0.768687 0.739141 0.776047 0.725516 0.792516 0.720656 0.800953 0.710422 0.811875 0.700094 0.826484 0.687750 0.842859 0.693531 0.857672 0.700625 0.871234 0.709891 0.883703 0.721594 0.888125 0.738125
0 0.986172 0.692562 0.988125 0.703750 0.985500 0.715141 0.979547 0.725719 0.966562 0.727516 0.956406 0.729906 0.946391 0.727437 0.938172 0.723266 0.929469 0.721875 0.914937 0.724031 0.902078 0.718141 0.895656 0.706156 0.900094 0.692562 0.901516 0.680531 0.908422 0.670641 0.918984 0.665156 0.928016 0.660719 0.938188 0.661922 0.946391 0.659000 0.955953 0.656906 0.966437 0.657859 0.974812 0.664141 0.979500 0.673453 0.984109 0.682453
0 0.783000 0.310000 0.785953 0.328750 0.777500 0.345516 0.767922 0.361937 0.753219 0.374500 0.737828 0.391531 0.715984 0.401484 0.693359 0.394422 0.678016 0.375766 0.665250 0.360734 0.661578 0.341422 0.657516 0.325672 0.642000 0.310000 0.646297 0.291328 0.643922 0.268406 0.668828 0.262844 0.682016 0.251172 0.698359 0.244250 0.715984 0.241469 0.735625 0.236734 0.753750 0.244594 0.766578 0.259406 0.777797 0.274313 0.779469 0.293000
0 0.937562 0.494078 0.939109 0.511734 0.941141 0.533312 0.937016 0.557922 0.913969 0.564719 0.895484 0.577344 0.873172 0.577625 0.849406 0.582750 0.830391 0.568187 0.815188 0.552063 0.805109 0.533375 0.799063 0.513922 0.792078 0.494078 0.798266 0.474000 0.806375 0.455500 0.816391 0.437297 0.833734 0.425766 0.855438 0.427875 0.873172 0.428922 0.889719 0.432359 0.912312 0.426297 0.921187 0.446063 0.937391 0.457000 0.934781 0.477563
0 0.651016 0.744734 0.651219 0.767000 0.640703 0.786625 0.622891 0.799469 0.605172 0.808844 0.589047 0.822703 0.568156 0.819688 0.549547 0.814188 0.533953 0.803969 0.510281 0.802609 0.497813 0.785344 0.491094 0.765375 0.485813 0.744734 0.473672 0.719422 0.469641 0.687859 0.488578 0.665172 0.513938 0.650828 0.542563 0.649266 0.568156 0.644172 0.593438 0.650344 0.616344 0.661266 0.633422 0.679469 0.644094 0.700891 0.648484 0.723219
0 0.616969 0.817672 0.638312 0.843266 0.642203 0.875047 0.628141 0.903000 0.600812 0.918125 0.571531 0.924875 0.542812 0.917578 0.516500 0.915891 0.498547 0.894359 0.474953 0.885531 0.470797 0.859250 0.467172 0.837938 0.476078 0.817672 0.471609 0.798594 0.468938 0.775031 0.470547 0.745406 0.487297 0.721516 0.513266 0.707375 0.542812 0.704047 0.569438 0.718313 0.593719 0.729516 0.612328 0.748172 0.615766 0.775563 0.617844 0.797578
0 0.760563 0.214516 0.764313 0.238687 0.766031 0.267609 0.744266 0.284719 0.721781 0.297156 0.697031 0.300219 0.674063 0.311547 0.649031 0.307969 0.625109 0.299297 0.604766 0.283812 0.591516 0.262188 0.576937 0.240547 0.574500 0.214516 0.572078 0.187188 0.586672 0.164062 0.606391 0.146844 0.628484 0.135563 0.650641 0.127047 0.674063 0.134156 0.696219 0.131875 0.713562 0.146094 0.729922 0.158656 0.736578 0.178422 0.743219 0.195984
0 0.594703 0.112141 0.596984 0.125125 0.597750 0.140562 0.588922 0.152562 0.577031 0.161562 0.561734 0.161562 0.548500 0.162078 0.535578 0.160328 0.519578 0.162234 0.504859 0.155766 0.494375 0.143391 0.495859 0.126234 0.503375 0.112141 0.504437 0.100328 0.508531 0.089063 0.505250 0.068891 0.517672 0.058734 0.531250 0.047781 0.548500 0.057906 0.562359 0.060391 0.575750 0.064938 0.588703 0.071938 0.593422 0.086203 0.591703 0.100562
0 0.598500 0.346281 0.603781 0.359313 0.602344 0.373516 0.596500 0.387609 0.583125 0.394687 0.569125 0.398375 0.555172 0.397562 0.541797 0.396234 0.528609 0.392297 0.516703 0.384766 0.511469 0.371516 0.499984 0.361078 0.498812 0.346281 0.496766 0.330641 0.510406 0.320438 0.517578 0.308688 0.529563 0.301922 0.540625 0.291969 0.555172 0.291438 0.569672 0.292172 0.581109 0.301359 0.594047 0.307422 0.599078 0.320937 0.601859 0.333781
0 0.504063 0.559375 0.493531 0.586234 0.479766 0.609297 0.463766 0.629844 0.447469 0.653172 0.422250 0.667375 0.393313 0.678562 0.367781 0.654672 0.341625 0.648906 0.325844 0.626859 0.304234 0.610812 0.296734 0.585266 0.292672 0.559375 0.289156 0.531469 0.303219 0.507359 0.327375 0.493453 0.352281 0.488328 0.376359 0.496109 0.393313 0.483016 0.414906 0.478781 0.452734 0.456469 0.482625 0.470062 0.509922 0.492063 0.507437 0.528797
0 0.938578 0.764469 0.952281 0.794469 0.934625 0.818891 0.920000 0.844125 0.894359 0.858016 0.868141 0.868172 0.840359 0.860656 0.820453 0.838734 0.801531 0.831719 0.777016 0.827812 0.757672 0.812203 0.753266 0.787813 0.746750 0.764469 0.747703 0.739641 0.753000 0.714047 0.777984 0.702109 0.794359 0.684812 0.816453 0.675266 0.840359 0.663625 0.868219 0.660484 0.892359 0.674406 0.913125 0.691703 0.918625 0.719281 0.937859 0.738344
0 0.611938 0.601328 0.608156 0.618656 0.606578 0.637766 0.602844 0.660719 0.589703 0.681422 0.567531 0.691172 0.543453 0.692500 0.522781 0.678453 0.502344 0.672531 0.484047 0.660734 0.474812 0.640953 0.454234 0.625234 0.457813 0.601328 0.452297 0.576906 0.475172 0.561906 0.483984 0.541844 0.500969 0.527750 0.521625 0.519875 0.543453 0.511047 0.566922 0.513719 0.591078 0.518828 0.610828 0.533938 0.625203 0.554125 0.624672 0.579562
0 0.540578 0.091984 0.532141 0.117609 0.505703 0.131937 0.485687 0.141172 0.465047 0.141453 0.456359 0.166187 0.436484 0.166172 0.415250 0.171234 0.399906 0.155328 0.378781 0.149688 0.367750 0.131656 0.364672 0.111219 0.357047 0.091984 0.360672 0.071672 0.366687 0.051687 0.378359 0.033859 0.396641 0.022984 0.416609 0.017797 0.436484 0.025172 0.456219 0.018344 0.479187 0.018031 0.500234 0.028219 0.519703 0.043938 0.534078 0.065828
0 0.605875 0.537125 0.612625 0.549406 0.613172 0.563906 0.608141 0.578500 0.596000 0.587750 0.581422 0.591797 0.566766 0.592156 0.555203 0.580313 0.541813 0.580344 0.537500 0.566406 0.528312 0.559328 0.529344 0.547156 0.524484 0.537125 0.522687 0.525312 0.529094 0.515375 0.531687 0.502047 0.541844 0.493953 0.552734 0.484734 0.566766 0.487266 0.580875 0.484500 0.593500 0.490812 0.609016 0.494891 0.610547 0.511844 0.610719 0.525344
0 0.482828 0.113156 0.468359 0.135641 0.464109 0.159156 0.449391 0.178094 0.431125 0.194016 0.409781 0.207719 0.384453 0.218750 0.356797 0.216391 0.329813 0.207797 0.307797 0.189812 0.298172 0.162969 0.300375 0.135688 0.298000 0.113156 0.310250 0.093281 0.308359 0.069234 0.322375 0.051078 0.334000 0.025781 0.359766 0.021031 0.384453 0.016688 0.408172 0.024609 0.430766 0.032937 0.448828 0.048781 0.479594 0.058234 0.484797 0.086266
0 0.565188 0.295063 0.568859 0.314984 0.562312 0.334219 0.542531 0.343109 0.523797 0.345828 0.508734 0.348266 0.494484 0.349500 0.479437 0.351219 0.458547 0.357297 0.437312 0.352219 0.421141 0.337391 0.420125 0.314984 0.420031 0.295063 0.421656 0.275547 0.429281 0.257422 0.442859 0.243422 0.456156 0.228672 0.473656 0.217313 0.494484 0.212891 0.513281 0.224922 0.525828 0.240766 0.540609 0.248937 0.551375 0.262203 0.560250 0.277438