0 0.409531 0.596187 0.393281 0.612547 0.386641 0.627578 0.374672 0.638594 0.360750 0.645516 0.345672 0.646219 0.332266 0.645281 0.315969 0.657000 0.296266 0.658547 0.282438 0.646031 0.275578 0.628922 0.271047 0.612594 0.274141 0.596187 0.281656 0.582625 0.285875 0.569406 0.287859 0.551781 0.294750 0.531203 0.314188 0.528703 0.332266 0.528250 0.347547 0.539141 0.367766 0.534719 0.384359 0.544109 0.405250 0.554047 0.404656 0.576797
0 0.947750 0.777344 0.955297 0.790750 0.950594 0.803531 0.943922 0.816031 0.934141 0.827406 0.919812 0.831766 0.905234 0.832125 0.893172 0.822344 0.881953 0.817656 0.870359 0.812234 0.857078 0.805141 0.851484 0.791750 0.855453 0.777344 0.857312 0.764500 0.869328 0.756609 0.876734 0.748844 0.889312 0.749750 0.894547 0.737453 0.905234 0.735969 0.919016 0.725922 0.929703 0.734969 0.945562 0.737016 0.942766 0.755672 0.950859 0.765109
0 0.665250 0.528172 0.667031 0.550687 0.655312 0.569937 0.649797 0.595000 0.628344 0.606781 0.610187 0.629781 0.582953 0.638797 0.553656 0.637531 0.533547 0.613750 0.518687 0.592453 0.507844 0.571531 0.496391 0.551359 0.492031 0.528172 0.504484 0.507141 0.509750 0.485906 0.525062 0.470266 0.535313 0.445641 0.559031 0.438875 0.582953 0.437781 0.603844 0.450219 0.623672 0.457656 0.646844 0.464297 0.666859 0.479719 0.675984 0.503250
0 0.236609 0.242797 0.238234 0.265813 0.238031 0.292281 0.214250 0.304703 0.199422 0.324328 0.177656 0.337250 0.152344 0.345750 0.130625 0.323891 0.116062 0.305641 0.090375 0.304781 0.065125 0.293172 0.061781 0.267062 0.067516 0.242797 0.073359 0.221641 0.065312 0.192562 0.087078 0.177531 0.111047 0.171266 0.132953 0.170406 0.152344 0.161422 0.177297 0.149656 0.202844 0.155328 0.219000 0.176156 0.227359 0.199484 0.225453 0.223219
0 0.359078 0.093688 0.351578 0.109250 0.354906 0.129125 0.337844 0.138000 0.331344 0.159187 0.310828 0.158203 0.293531 0.162812 0.276531 0.157156 0.260719 0.150531 0.237031 0.150203 0.228453 0.131266 0.214453 0.114891 0.217750 0.093688 0.222141 0.074563 0.228656 0.056234 0.241031 0.041188 0.252953 0.023406 0.272906 0.016688 0.293531 0.018703 0.312031 0.024672 0.324313 0.040375 0.343234 0.043984 0.353672 0.058969 0.362328 0.075266
0 0.526734 0.543047 0.534891 0.568234 0.535953 0.597922 0.507547 0.609687 0.487766 0.624203 0.458641 0.609234 0.440906 0.626797 0.422141 0.613063 0.399266 0.615156 0.386000 0.597953 0.366297 0.586125 0.345828 0.568531 0.344250 0.543047 0.340453 0.516125 0.359109 0.495828 0.373297 0.475437 0.397250 0.467438 0.417516 0.455750 0.440906 0.454016 0.461250 0.467109 0.475375 0.483359 0.486656 0.497297 0.499734 0.509094 0.512109 0.523969
0 0.895281 0.695578 0.894203 0.713359 0.884047 0.728031 0.879562 0.747297 0.866797 0.763047 0.848500 0.772719 0.827828 0.776078 0.809109 0.765484 0.792375 0.757000 0.774719 0.748688 0.765047 0.731828 0.764078 0.712656 0.772031 0.695578 0.770437 0.680203 0.765422 0.659547 0.776641 0.644391 0.786813 0.624516 0.808969 0.625172 0.827828 0.610047 0.848391 0.618844 0.870016 0.622516 0.879078 0.644344 0.888453 0.660578 0.896781 0.677094
0 0.270172 0.628891 0.280953 0.649219 0.259297 0.660187 0.255141 0.678953 0.238094 0.686063 0.223531 0.697750 0.205078 0.704391 0.184750 0.704781 0.169625 0.690312 0.158844 0.675141 0.149031 0.661250 0.139516 0.646453 0.140891 0.628891 0.130703 0.608953 0.137906 0.590109 0.145047 0.568859 0.170672 0.569297 0.186453 0.559375 0.205078 0.559469 0.221906 0.566141 0.239469 0.569328 0.251969 0.582000 0.259594 0.597422 0.273297 0.610609
0 0.753875 0.770250 0.746891 0.789734 0.744109 0.810609 0.725922 0.821969 0.710969 0.833906 0.691500 0.834797 0.674203 0.841172 0.657406 0.832953 0.638609 0.831906 0.625797 0.818656 0.614094 0.804969 0.615844 0.785891 0.607094 0.770250 0.611625 0.753484 0.614047 0.735516 0.629641 0.725688 0.641937 0.714359 0.657172 0.706687 0.674203 0.704984 0.693359 0.698766 0.715078 0.699484 0.737359 0.707109 0.752563 0.725016 0.752203 0.749359
0 0.174187 0.738953 0.172984 0.753734 0.163781 0.765484 0.162437 0.783563 0.149313 0.793484 0.132859 0.794984 0.117844 0.785781 0.106109 0.782734 0.097016 0.775031 0.078484 0.778312 0.069984 0.766594 0.051719 0.756672 0.057125 0.738953 0.059203 0.723250 0.068922 0.710719 0.075922 0.697047 0.084031 0.680391 0.100531 0.674344 0.117844 0.675266 0.134953 0.675094 0.155187 0.674266 0.173906 0.682891 0.178313 0.704047 0.181234 0.721969
0 0.608922 0.162750 0.610781 0.190031 0.605187 0.218297 0.583234 0.237000 0.561469 0.253641 0.534078 0.256359 0.508984 0.259266 0.482000 0.263469 0.458016 0.251047 0.430297 0.241438 0.424000 0.211813 0.417516 0.187266 0.422016 0.162750 0.418281 0.138453 0.414531 0.108203 0.431297 0.085062 0.449828 0.060297 0.480344 0.055828 0.508984 0.044469 0.536719 0.059234 0.559031 0.076078 0.573609 0.098125 0.584438 0.119188 0.600484 0.138234
0 0.722859 0.883875 0.719484 0.899594 0.708266 0.911266 0.703047 0.926125 0.691656 0.937328 0.676875 0.943875 0.660797 0.957953 0.640437 0.959859 0.619984 0.954578 0.610250 0.934422 0.601672 0.918016 0.607953 0.898031 0.601859 0.883875 0.612563 0.870937 0.604563 0.851391 0.615000 0.838078 0.625203 0.822203 0.642734 0.816469 0.660797 0.821547 0.676797 0.824156 0.698125 0.819219 0.718094 0.826578 0.731844 0.842844 0.730141 0.865297
0 0.110734 0.325672 0.105203 0.336781 0.100422 0.346859 0.095531 0.357484 0.085328 0.363109 0.076656 0.373953 0.063719 0.370609 0.051391 0.371703 0.045578 0.357109 0.033187 0.356203 0.027094 0.346828 0.016359 0.338359 0.015734 0.325672 0.022406 0.314609 0.024609 0.303094 0.032797 0.294750 0.037875 0.280922 0.050969 0.278078 0.063719 0.273687 0.077422 0.274547 0.089719 0.280641 0.097531 0.291875 0.105422 0.301609 0.109625 0.313375
0 0.743828 0.681844 0.728797 0.701750 0.711328 0.714625 0.694438 0.721750 0.687703 0.739281 0.672422 0.748531 0.654547 0.757219 0.634422 0.756938 0.607047 0.764109 0.589406 0.747000 0.570828 0.730187 0.579594 0.701937 0.572078 0.681844 0.584344 0.663047 0.582391 0.640188 0.594437 0.621750 0.612172 0.608469 0.634406 0.606719 0.654547 0.602672 0.673141 0.612422 0.695484 0.610953 0.709328 0.627062 0.732906 0.636609 0.738766 0.659281
0 0.956016 0.846000 0.955141 0.867531 0.955969 0.892859 0.936562 0.907750 0.914953 0.915531 0.892531 0.912125 0.874812 0.926172 0.853328 0.926234 0.832500 0.919297 0.823922 0.896891 0.819375 0.878016 0.807641 0.864000 0.791375 0.846000 0.785953 0.822203 0.792766 0.798641 0.811484 0.782672 0.832172 0.772141 0.850828 0.756484 0.874812 0.756859 0.897828 0.760109 0.911750 0.782047 0.923500 0.797328 0.939719 0.808547 0.946375 0.826828
0 0.243766 0.108766 0.238797 0.121859 0.239844 0.137609 0.229609 0.148484 0.222078 0.164516 0.204953 0.165016 0.189891 0.169250 0.175266 0.163297 0.164375 0.152938 0.157453 0.141187 0.150922 0.131250 0.143266 0.121250 0.137141 0.108766 0.143781 0.096406 0.145281 0.083000 0.154484 0.073359 0.159359 0.055875 0.175656 0.055625 0.189891 0.052797 0.203641 0.057437 0.214094 0.066844 0.225016 0.073625 0.230125 0.085531 0.242750 0.094594
0 0.488234 0.361594 0.495875 0.389937 0.484094 0.415859 0.470766 0.442266 0.445531 0.457625 0.419047 0.469641 0.390094 0.457828 0.364609 0.456687 0.344625 0.440344 0.319625 0.432062 0.297734 0.414922 0.287812 0.389000 0.299328 0.361594 0.319797 0.342766 0.320469 0.321406 0.314219 0.285719 0.330781 0.258875 0.359656 0.248000 0.390094 0.262031 0.414672 0.269891 0.435500 0.282969 0.446844 0.304844 0.454313 0.324516 0.467359 0.340891
0 0.655734 0.385734 0.655891 0.402891 0.643094 0.415313 0.632625 0.426500 0.623266 0.440125 0.608734 0.448750 0.591859 0.439344 0.577750 0.438344 0.563047 0.435625 0.542891 0.434688 0.539672 0.415859 0.535391 0.400859 0.530719 0.385734 0.516234 0.365469 0.527062 0.348328 0.540734 0.334609 0.558234 0.327484 0.571203 0.308688 0.591859 0.322766 0.608594 0.323234 0.621797 0.333859 0.645953 0.331641 0.646578 0.354125 0.652078 0.369594
0 0.884578 0.427359 0.885281 0.441234 0.877797 0.452937 0.871672 0.465547 0.861906 0.476562 0.849156 0.485813 0.833500 0.493438 0.817000 0.488922 0.800391 0.484703 0.791578 0.469281 0.784687 0.455531 0.783094 0.440859 0.778719 0.427359 0.784672 0.414281 0.791703 0.403234 0.796703 0.390563 0.805469 0.378812 0.816828 0.365156 0.833500 0.373203 0.845922 0.380984 0.856453 0.387594 0.868688 0.392172 0.882031 0.399344 0.884250 0.413766
0 0.382734 0.283406 0.375937 0.300063 0.379266 0.321203 0.367484 0.337109 0.353781 0.352687 0.332156 0.352000 0.313781 0.352656 0.296922 0.346312 0.278484 0.344547 0.260516 0.336672 0.252141 0.319000 0.244156 0.302063 0.243344 0.283406 0.241844 0.264125 0.251719 0.247578 0.263125 0.232750 0.282172 0.228656 0.298266 0.225469 0.313781 0.216500 0.332594 0.213203 0.349875 0.220891 0.357703 0.239484 0.374016 0.248625 0.378922 0.265953
0 0.506906 0.899563 0.514422 0.926156 0.506953 0.952547 0.491047 0.975422 0.468453 0.991828 0.444109 1.000000 0.415188 1.000000 0.387062 1.000000 0.365844 0.985031 0.355641 0.959109 0.334344 0.946250 0.321719 0.924609 0.315344 0.899563 0.329937 0.876719 0.334969 0.853250 0.350828 0.835203 0.365828 0.814063 0.391969 0.812922 0.415188 0.793516 0.441625 0.800891 0.466844 0.810109 0.489516 0.825250 0.500203 0.850484 0.511641 0.873719
0 0.698078 0.697672 0.692969 0.705109 0.689500 0.711703 0.692344 0.724812 0.685484 0.732797 0.675625 0.736547 0.665203 0.733375 0.655188 0.735078 0.643078 0.736016 0.631500 0.731391 0.625875 0.720391 0.623734 0.708797 0.616516 0.697672 0.614266 0.684031 0.613063 0.667578 0.623547 0.656016 0.639125 0.652500 0.653297 0.653203 0.665203 0.656281 0.676609 0.655109 0.686312 0.661125 0.695172 0.667703 0.702969 0.675875 0.705813 0.686797
0 0.954891 0.174828 0.953094 0.188469 0.952234 0.203734 0.939906 0.212562 0.929797 0.222703 0.916516 0.228406 0.902172 0.238469 0.885938 0.235359 0.864687 0.239750 0.851109 0.225875 0.839672 0.210906 0.845562 0.189984 0.848672 0.174828 0.852219 0.161437 0.847000 0.142969 0.855422 0.128078 0.868766 0.116984 0.888750 0.124750 0.902172 0.116516 0.916375 0.121812 0.934422 0.118969 0.942281 0.134703 0.954406 0.144672 0.950125 0.161969
0 0.655047 0.512813 0.662328 0.535937 0.662625 0.562812 0.657891 0.594672 0.631609 0.609094 0.606844 0.627828 0.576031 0.627781 0.547297 0.620031 0.532000 0.589078 0.518594 0.570250 0.495375 0.559375 0.480922 0.538297 0.470937 0.512813 0.491984 0.490297 0.491516 0.464031 0.508422 0.445203 0.520734 0.417047 0.549766 0.414813 0.576031 0.415906 0.595797 0.439016 0.618969 0.438453 0.634375 0.454469 0.656125 0.466578 0.653922 0.491937
0 0.799016 0.807531 0.797719 0.819562 0.790750 0.829438 0.785734 0.840453 0.778047 0.851219 0.765844 0.856109 0.752828 0.855797 0.741406 0.850172 0.732656 0.842453 0.722625 0.837734 0.716500 0.828516 0.708562 0.819391 0.704969 0.807531 0.708266 0.795594 0.713797 0.785000 0.722594 0.777313 0.731281 0.770234 0.740109 0.760062 0.752828 0.756469 0.766047 0.758172 0.775391 0.768453 0.784844 0.775516 0.793813 0.783875 0.802156 0.794312
0 0.761906 0.862906 0.749078 0.890594 0.725078 0.908719 0.703484 0.920672 0.683625 0.928531 0.669984 0.953422 0.645734 0.953203 0.617406 0.968625 0.596391 0.948359 0.565531 0.943109 0.557641 0.913766 0.548750 0.888891 0.557859 0.862906 0.540469 0.834703 0.548312 0.806656 0.565063 0.782234 0.596422 0.777516 0.619156 0.763719 0.645734 0.762797 0.671516 0.766672 0.693813 0.779641 0.728797 0.779844 0.749609 0.802937 0.766813 0.830469
0 0.376328 0.736688 0.369359 0.755344 0.362594 0.772984 0.352219 0.789172 0.339047 0.804766 0.320656 0.814734 0.299734 0.814422 0.277609 0.819250 0.255875 0.812656 0.244484 0.791937 0.234156 0.774563 0.227094 0.756156 0.230203 0.736688 0.239609 0.720578 0.253219 0.709828 0.251250 0.688203 0.269750 0.684750 0.280719 0.665703 0.299734 0.666625 0.321250 0.656422 0.341688 0.664031 0.359563 0.676859 0.370953 0.695578 0.369344 0.718047
0 0.422047 0.652750 0.420547 0.664797 0.413141 0.674438 0.411625 0.688766 0.402781 0.699812 0.390891 0.709797 0.375609 0.711625 0.359016 0.714641 0.343875 0.707719 0.330328 0.698031 0.330703 0.678687 0.328266 0.665438 0.324844 0.652750 0.320922 0.638109 0.332047 0.627609 0.342766 0.619906 0.351359 0.610750 0.361750 0.601063 0.375609 0.598016 0.388172 0.605844 0.399719 0.610969 0.413359 0.615000 0.423375 0.625172 0.432281 0.637563
0 0.872953 0.259672 0.869422 0.284734 0.855562 0.305656 0.845031 0.328797 0.822109 0.339703 0.799266 0.346859 0.775906 0.357734 0.750250 0.355406 0.720656 0.355359 0.703078 0.332484 0.690813 0.308797 0.689688 0.282766 0.683437 0.259672 0.686453 0.235703 0.695156 0.213047 0.706922 0.190688 0.729281 0.178922 0.750563 0.165125 0.775906 0.163688 0.802172 0.161594 0.825734 0.173359 0.852453 0.183109 0.876500 0.201578 0.889250 0.229297
0 0.433688 0.138500 0.441547 0.160266 0.425656 0.176219 0.418078 0.196250 0.399422 0.206234 0.383516 0.225078 0.360312 0.234734 0.332797 0.241219 0.307125 0.230641 0.299609 0.199203 0.284453 0.182297 0.276359 0.161000 0.268344 0.138500 0.273703 0.115297 0.289500 0.097609 0.306172 0.084359 0.326469 0.079859 0.339828 0.062047 0.360312 0.046266 0.384891 0.046812 0.403266 0.064094 0.420437 0.078375 0.424734 0.101297 0.435406 0.118375