0 0.645672 0.079891 0.646891 0.103391 0.632109 0.122000 0.616062 0.136781 0.596859 0.145156 0.579516 0.155859 0.559172 0.146406 0.544469 0.134719 0.531094 0.128516 0.512578 0.126469 0.494656 0.117141 0.492812 0.097672 0.492891 0.079891 0.485781 0.060219 0.489438 0.039625 0.496953 0.017672 0.520813 0.013469 0.536328 0.000000 0.559172 0.000000 0.577500 0.011484 0.586141 0.033172 0.601516 0.037531 0.622172 0.043500 0.639594 0.058328
0 0.276844 0.185922 0.283234 0.199328 0.276359 0.210828 0.276516 0.229219 0.260641 0.233422 0.249250 0.245734 0.233219 0.241750 0.218438 0.241063 0.205672 0.233641 0.189859 0.229281 0.185438 0.213500 0.182391 0.199531 0.188625 0.185922 0.183391 0.172578 0.186312 0.158828 0.193984 0.146687 0.207734 0.141781 0.221891 0.143625 0.233219 0.142297 0.246094 0.137875 0.262125 0.135844 0.273906 0.145234 0.278313 0.159891 0.279578 0.173500
0 0.502484 0.323109 0.507984 0.350484 0.507344 0.381734 0.484938 0.402234 0.459094 0.415391 0.427766 0.405031 0.405813 0.413422 0.382188 0.411281 0.354187 0.412547 0.332187 0.396734 0.323609 0.370578 0.321922 0.345594 0.319563 0.323109 0.313734 0.298438 0.311875 0.268875 0.331188 0.248484 0.350266 0.226891 0.377594 0.217797 0.405813 0.208687 0.432297 0.224297 0.455438 0.237172 0.472281 0.256641 0.488906 0.275141 0.496938 0.298703
0 0.136797 0.759844 0.136172 0.772359 0.130281 0.783391 0.123500 0.793859 0.111047 0.797172 0.100156 0.799641 0.089500 0.797203 0.076453 0.808531 0.060016 0.810922 0.045625 0.803734 0.042922 0.786734 0.038172 0.773609 0.031109 0.759844 0.033469 0.744844 0.039703 0.731094 0.052828 0.723172 0.064500 0.716547 0.077797 0.716187 0.089500 0.715641 0.101391 0.715484 0.112375 0.720219 0.119953 0.729391 0.126562 0.738453 0.131500 0.748594
0 0.541687 0.510406 0.552578 0.535422 0.550328 0.563016 0.530078 0.581266 0.504672 0.589125 0.484703 0.605547 0.459219 0.593125 0.438828 0.586500 0.420078 0.578188 0.389297 0.580313 0.368812 0.562594 0.354250 0.538531 0.352828 0.510406 0.369891 0.486469 0.375516 0.462078 0.398266 0.449453 0.412375 0.429281 0.439375 0.436359 0.459219 0.426875 0.480922 0.429391 0.505109 0.430922 0.528328 0.441297 0.543562 0.461703 0.538797 0.489078
0 0.921281 0.171297 0.913922 0.190016 0.911406 0.210203 0.888047 0.215328 0.874984 0.224938 0.858172 0.224125 0.844016 0.233344 0.826172 0.237875 0.806625 0.236047 0.792125 0.223172 0.778484 0.209125 0.782469 0.187781 0.779250 0.171297 0.795719 0.158344 0.789469 0.139797 0.803078 0.130359 0.811844 0.115578 0.829109 0.115688 0.844016 0.114781 0.859672 0.112844 0.872219 0.122438 0.888859 0.126453 0.899281 0.139375 0.911234 0.153281
0 0.857500 0.682937 0.859469 0.700375 0.856844 0.719000 0.853750 0.742297 0.838438 0.759234 0.818203 0.771766 0.794406 0.770266 0.774312 0.757891 0.754047 0.752844 0.731422 0.745922 0.719313 0.726297 0.718375 0.703313 0.720187 0.682937 0.718578 0.662625 0.724609 0.642641 0.738969 0.627516 0.756266 0.616891 0.774391 0.608250 0.794406 0.603203 0.814438 0.608172 0.838859 0.605953 0.848828 0.628516 0.864359 0.642547 0.854703 0.666781
0 0.857734 0.646437 0.834156 0.662250 0.836250 0.681734 0.822047 0.693375 0.816922 0.718891 0.794875 0.720219 0.775094 0.730266 0.754797 0.722203 0.737812 0.711016 0.723156 0.698375 0.701703 0.688797 0.693297 0.668359 0.691297 0.646437 0.712547 0.629672 0.716453 0.612578 0.729750 0.601094 0.740484 0.586484 0.755188 0.572141 0.775094 0.564797 0.799281 0.556187 0.823391 0.562797 0.835063 0.586469 0.848969 0.603781 0.845828 0.627484
0 0.609047 0.904406 0.610875 0.915609 0.606234 0.925875 0.603828 0.939188 0.595281 0.949844 0.582281 0.953813 0.569047 0.943359 0.561375 0.933062 0.551516 0.934766 0.539906 0.933547 0.535953 0.923516 0.535219 0.913469 0.533766 0.904406 0.529391 0.893781 0.534891 0.884688 0.540094 0.875453 0.548609 0.869016 0.558297 0.864281 0.569047 0.863969 0.579234 0.866391 0.591844 0.864937 0.598469 0.874984 0.606016 0.883062 0.604688 0.894859
0 0.158594 0.390172 0.158531 0.403734 0.152062 0.415656 0.137688 0.419937 0.125578 0.420766 0.117609 0.426328 0.107922 0.429203 0.097250 0.429984 0.086141 0.427906 0.078453 0.419641 0.067766 0.413359 0.062562 0.402328 0.050156 0.390172 0.053422 0.375578 0.055609 0.359969 0.069578 0.351828 0.083172 0.347297 0.093766 0.337344 0.107922 0.334609 0.123063 0.333672 0.133422 0.346031 0.140625 0.357469 0.149094 0.366406 0.148781 0.379234
0 0.987141 0.704313 0.995953 0.727734 0.980719 0.746000 0.962391 0.758203 0.945906 0.769078 0.925875 0.769125 0.908500 0.765859 0.894313 0.757281 0.877953 0.757203 0.858641 0.754156 0.844797 0.741078 0.828453 0.725750 0.824078 0.704313 0.827922 0.682719 0.844859 0.667563 0.858187 0.654000 0.874938 0.646172 0.890875 0.638531 0.908500 0.637750 0.927297 0.634156 0.948375 0.635234 0.968203 0.644609 0.974812 0.666016 0.983516 0.684203
0 0.473172 0.947359 0.471172 0.963078 0.458063 0.973672 0.445500 0.980359 0.435313 0.986891 0.425484 0.995844 0.412484 0.998781 0.398875 0.998125 0.383578 0.997437 0.372906 0.986938 0.366344 0.974000 0.365047 0.960063 0.359078 0.947359 0.357938 0.932734 0.359578 0.916813 0.368812 0.903687 0.383344 0.896891 0.398687 0.895828 0.412484 0.896609 0.426063 0.896672 0.440859 0.898203 0.449844 0.910000 0.459281 0.920344 0.463266 0.933750
0 0.213844 0.314234 0.212688 0.329047 0.208812 0.343906 0.192578 0.349391 0.181812 0.356484 0.170219 0.362016 0.157422 0.372594 0.141234 0.374609 0.123094 0.373688 0.111625 0.360031 0.106438 0.343672 0.103578 0.328656 0.101906 0.314234 0.102813 0.299609 0.104484 0.283672 0.116937 0.273750 0.126188 0.260141 0.141406 0.254484 0.157422 0.247781 0.175734 0.245906 0.188484 0.260437 0.205250 0.266406 0.208547 0.284719 0.213266 0.299266
0 0.894375 0.750453 0.892516 0.768109 0.891047 0.787656 0.883172 0.807016 0.863922 0.815094 0.844859 0.818562 0.826609 0.826937 0.806531 0.825344 0.789578 0.814563 0.776953 0.800094 0.768922 0.783750 0.765625 0.766781 0.751016 0.750453 0.754219 0.731047 0.744031 0.702781 0.769000 0.692844 0.779656 0.669125 0.804000 0.666109 0.826609 0.652141 0.850953 0.659563 0.870937 0.673656 0.882156 0.694891 0.894547 0.711219 0.899016 0.731047
0 0.496609 0.119078 0.477000 0.136547 0.474484 0.155266 0.455891 0.163172 0.447656 0.181203 0.430188 0.187734 0.411797 0.191297 0.392313 0.191781 0.370406 0.190766 0.360469 0.170406 0.353422 0.152781 0.351734 0.135172 0.337828 0.119078 0.343734 0.100844 0.347344 0.081875 0.368547 0.075828 0.377188 0.059125 0.394531 0.054656 0.411797 0.040438 0.433922 0.036516 0.454828 0.044547 0.472562 0.058313 0.485047 0.076797 0.485266 0.099391
0 0.673953 0.512547 0.677828 0.536531 0.672344 0.561031 0.654594 0.578781 0.643797 0.608578 0.618609 0.625469 0.588359 0.627344 0.559641 0.619734 0.536266 0.602766 0.516813 0.584094 0.519172 0.552500 0.507406 0.534234 0.484828 0.512547 0.477531 0.482859 0.496047 0.459250 0.519953 0.444141 0.543453 0.434766 0.564125 0.422125 0.588359 0.419891 0.611281 0.427000 0.628359 0.443266 0.653250 0.447656 0.668438 0.466313 0.682906 0.487219
0 0.981297 0.619469 0.985375 0.636625 0.977672 0.651984 0.969234 0.667359 0.950547 0.670047 0.935109 0.670797 0.921344 0.670109 0.908453 0.667594 0.889141 0.675266 0.875281 0.665547 0.849078 0.661203 0.854016 0.637516 0.857875 0.619469 0.867844 0.605141 0.865969 0.587500 0.873734 0.571844 0.893328 0.570937 0.908313 0.570844 0.921344 0.563953 0.936953 0.561250 0.955719 0.559937 0.959359 0.581469 0.968031 0.592516 0.967938 0.606984
0 0.715844 0.257969 0.716203 0.272781 0.714172 0.288734 0.706031 0.303094 0.696828 0.320187 0.678172 0.322406 0.660906 0.325719 0.645359 0.315984 0.630734 0.310234 0.616047 0.302828 0.609063 0.287906 0.599547 0.274422 0.606734 0.257969 0.600422 0.241766 0.603031 0.224562 0.608172 0.205234 0.626094 0.197672 0.644750 0.197703 0.660906 0.198828 0.676094 0.201281 0.686875 0.213000 0.702641 0.216234 0.710203 0.229516 0.722328 0.241516
0 0.952000 0.064828 0.949656 0.078203 0.935250 0.085328 0.926344 0.091438 0.918234 0.096844 0.910453 0.104766 0.899750 0.111547 0.887016 0.112375 0.874047 0.109344 0.866328 0.098250 0.858141 0.088859 0.856016 0.076547 0.855406 0.064828 0.859609 0.054078 0.861484 0.042734 0.870391 0.035469 0.879969 0.030578 0.889703 0.027344 0.899750 0.018875 0.910922 0.023156 0.921844 0.026562 0.929047 0.035531 0.940438 0.041344 0.948922 0.051656
0 0.946266 0.370328 0.951750 0.386422 0.961969 0.410922 0.942656 0.421328 0.932969 0.441891 0.912953 0.449797 0.891656 0.467562 0.869203 0.454141 0.854594 0.434516 0.846984 0.414984 0.831594 0.405000 0.824500 0.388313 0.818969 0.370328 0.827422 0.353109 0.818094 0.327844 0.834328 0.313000 0.849344 0.297047 0.874406 0.305938 0.891656 0.305703 0.907469 0.311328 0.925688 0.311375 0.943391 0.318578 0.948406 0.337562 0.941797 0.356891
0 0.416047 0.129047 0.401484 0.145812 0.399641 0.164109 0.387594 0.177719 0.374344 0.190391 0.356266 0.193734 0.338922 0.188312 0.321937 0.192469 0.306188 0.185750 0.294547 0.173422 0.285000 0.160187 0.276969 0.145656 0.267000 0.129047 0.276000 0.112187 0.283500 0.097047 0.294063 0.084187 0.307078 0.073891 0.320516 0.060328 0.338922 0.056531 0.357437 0.059969 0.371281 0.073000 0.379734 0.088250 0.399266 0.094219 0.403656 0.111703
0 0.833609 0.692547 0.834703 0.708000 0.836063 0.726641 0.829297 0.744828 0.811187 0.751734 0.792531 0.750422 0.777016 0.756219 0.759922 0.756328 0.743969 0.749797 0.736250 0.733313 0.735687 0.716406 0.731828 0.704656 0.724031 0.692547 0.714938 0.675906 0.718328 0.658672 0.740625 0.656156 0.754625 0.653766 0.765656 0.650172 0.777016 0.638750 0.791750 0.637578 0.804766 0.644469 0.816156 0.653406 0.826969 0.663703 0.832375 0.677719
0 0.735797 0.581000 0.727531 0.611563 0.711484 0.637563 0.689562 0.657062 0.668516 0.676281 0.640297 0.680984 0.613516 0.679375 0.591656 0.662563 0.571625 0.653562 0.553734 0.640781 0.532469 0.627797 0.517828 0.606641 0.526828 0.581000 0.529469 0.558484 0.533891 0.535031 0.544031 0.511531 0.559516 0.487484 0.590203 0.494016 0.613516 0.491281 0.634172 0.503922 0.648453 0.520484 0.669719 0.524797 0.688016 0.538000 0.725125 0.551094
0 0.932984 0.582344 0.935891 0.600625 0.923266 0.614437 0.914281 0.628953 0.897656 0.634266 0.886453 0.652391 0.867688 0.650344 0.850578 0.646234 0.834000 0.640703 0.821984 0.628047 0.814703 0.612937 0.831094 0.592156 0.824469 0.582344 0.815453 0.568359 0.809250 0.548609 0.820547 0.535219 0.838922 0.532531 0.852844 0.526969 0.867688 0.526500 0.882687 0.526391 0.898969 0.528156 0.915609 0.534422 0.928219 0.547406 0.933344 0.564750
0 0.867531 0.434891 0.864375 0.454375 0.861047 0.474953 0.843984 0.487203 0.833484 0.507313 0.813719 0.517141 0.791672 0.517000 0.770687 0.513219 0.744594 0.516437 0.724641 0.501938 0.718344 0.477234 0.725531 0.452625 0.718578 0.434891 0.711078 0.413297 0.716906 0.391734 0.730813 0.374047 0.743781 0.351953 0.768469 0.348266 0.791672 0.344062 0.811922 0.359359 0.832156 0.364797 0.852219 0.374344 0.861203 0.394750 0.866531 0.414844
0 0.577172 0.464391 0.565281 0.480375 0.556859 0.493969 0.538609 0.497375 0.534266 0.514016 0.520750 0.520844 0.505625 0.533844 0.489578 0.524266 0.475797 0.516047 0.464109 0.505906 0.455016 0.493609 0.451297 0.478937 0.443187 0.464391 0.449734 0.449406 0.453437 0.434266 0.471547 0.430312 0.478484 0.417391 0.490000 0.406109 0.505625 0.406766 0.520156 0.410172 0.531875 0.418906 0.544641 0.425375 0.559344 0.433375 0.566656 0.448031
0 0.306078 0.452813 0.315750 0.480953 0.300687 0.504750 0.282125 0.524188 0.251234 0.522953 0.233156 0.536453 0.210750 0.543906 0.185406 0.547375 0.165688 0.530859 0.137844 0.525719 0.113828 0.508766 0.107734 0.480422 0.125828 0.452813 0.134625 0.432422 0.129391 0.405844 0.131562 0.373641 0.155969 0.357922 0.181750 0.344594 0.210750 0.347047 0.237109 0.354438 0.254359 0.377281 0.262359 0.401203 0.276922 0.414609 0.293531 0.430641
0 0.999375 0.492719 0.989016 0.510828 0.977563 0.525125 0.961328 0.532609 0.951266 0.544391 0.936922 0.550500 0.921438 0.555906 0.904453 0.556141 0.889031 0.548859 0.875234 0.538938 0.867922 0.523625 0.867391 0.507203 0.863750 0.492719 0.867781 0.478344 0.872250 0.464328 0.886094 0.457391 0.898594 0.453156 0.906344 0.436391 0.921438 0.441609 0.936969 0.434766 0.943719 0.454125 0.960422 0.453734 0.972094 0.463484 0.990719 0.474156
0 0.905875 0.473906 0.903797 0.491328 0.899297 0.508844 0.896437 0.531562 0.879219 0.543953 0.856266 0.539172 0.838781 0.543875 0.817891 0.551891 0.791266 0.556219 0.773562 0.539125 0.767453 0.515094 0.770203 0.492281 0.767062 0.473906 0.771078 0.455766 0.769594 0.433953 0.777609 0.412734 0.796250 0.400234 0.817734 0.395359 0.838781 0.398922 0.859766 0.395594 0.875859 0.409672 0.897297 0.415391 0.907422 0.434266 0.923719 0.451141
0 0.342453 0.360125 0.337562 0.381781 0.338875 0.407562 0.313188 0.416609 0.300859 0.436609 0.276484 0.433984 0.256688 0.450094 0.236109 0.436953 0.208156 0.444203 0.196969 0.419844 0.179500 0.404687 0.164719 0.384766 0.149109 0.360125 0.157781 0.333609 0.188062 0.320484 0.199141 0.302562 0.213766 0.285766 0.235734 0.281891 0.256688 0.286766 0.275328 0.290578 0.295609 0.292719 0.314391 0.302422 0.328609 0.318594 0.336172 0.338828