0 0.512563 0.280813 0.510313 0.295047 0.510516 0.311578 0.496641 0.320234 0.481734 0.323281 0.468500 0.322875 0.457219 0.331625 0.441844 0.338219 0.429000 0.329703 0.419625 0.318406 0.417453 0.303781 0.412297 0.292859 0.408828 0.280813 0.406422 0.267203 0.404625 0.250453 0.415344 0.238937 0.424812 0.224688 0.439797 0.215797 0.457219 0.209625 0.472312 0.224484 0.481063 0.239516 0.488797 0.249250 0.503500 0.254094 0.510078 0.266656
0 0.963984 0.244000 0.955484 0.265344 0.954719 0.289531 0.949219 0.317375 0.933578 0.344000 0.904984 0.352734 0.875844 0.347141 0.854172 0.324906 0.837953 0.309625 0.813844 0.306000 0.797375 0.289297 0.783531 0.268734 0.783219 0.244000 0.769703 0.215563 0.783734 0.190828 0.802063 0.170203 0.826422 0.158391 0.848969 0.143687 0.875844 0.126156 0.909875 0.117000 0.939797 0.133219 0.950016 0.169828 0.953750 0.199016 0.962125 0.220875
0 0.154250 0.389078 0.160125 0.404781 0.158516 0.421984 0.144109 0.431672 0.131594 0.441172 0.115141 0.439937 0.101516 0.445625 0.087000 0.443266 0.075266 0.434547 0.069812 0.420781 0.064031 0.410719 0.049797 0.402938 0.046844 0.389078 0.041719 0.373047 0.053000 0.361063 0.058203 0.345766 0.072156 0.338219 0.085844 0.330562 0.101516 0.330609 0.116219 0.334203 0.129125 0.341250 0.143219 0.347375 0.144859 0.364047 0.151141 0.375781
0 0.206062 0.360547 0.201187 0.382750 0.200516 0.408000 0.175234 0.417453 0.163094 0.438078 0.140109 0.441844 0.118328 0.448328 0.096578 0.441734 0.080109 0.426750 0.066953 0.411922 0.053609 0.397922 0.029453 0.384359 0.042406 0.360547 0.044453 0.340750 0.067797 0.331375 0.063250 0.305469 0.072328 0.280875 0.093047 0.266188 0.118328 0.264813 0.138078 0.286844 0.156094 0.295125 0.176156 0.302719 0.188578 0.319984 0.196469 0.339609
0 0.901391 0.668375 0.902391 0.685984 0.889844 0.699062 0.883141 0.714828 0.868156 0.722844 0.853656 0.731656 0.836703 0.739938 0.817328 0.740656 0.794906 0.740766 0.777172 0.727906 0.764687 0.709953 0.762797 0.688187 0.764172 0.668375 0.773531 0.651453 0.782984 0.637375 0.785875 0.617563 0.795031 0.596203 0.814906 0.587063 0.836703 0.591781 0.854844 0.600656 0.876875 0.598781 0.888687 0.616391 0.899828 0.631938 0.901500 0.651016
0 1.000000 0.506875 1.000000 0.535172 0.990281 0.558000 0.982453 0.587609 0.953125 0.595906 0.931953 0.619719 0.901719 0.613063 0.874031 0.610234 0.853594 0.590234 0.836031 0.572562 0.832141 0.547047 0.820750 0.528562 0.813109 0.506875 0.801031 0.479891 0.803172 0.449969 0.826906 0.432062 0.851141 0.419266 0.877031 0.414703 0.901719 0.405438 0.927125 0.412078 0.949984 0.423281 0.979109 0.429484 1.000000 0.449484 1.000000 0.477641
0 0.980719 0.340187 0.962250 0.360328 0.961719 0.383266 0.950453 0.403547 0.930578 0.415484 0.911359 0.430688 0.887109 0.431969 0.860547 0.439313 0.841578 0.419047 0.824563 0.402734 0.810469 0.384437 0.807156 0.361609 0.803625 0.340187 0.810125 0.319563 0.813922 0.297938 0.822859 0.275938 0.838031 0.255203 0.861219 0.243547 0.887109 0.239063 0.917578 0.226469 0.949984 0.231281 0.976406 0.250906 0.985625 0.283312 0.984875 0.314000
0 0.821578 0.265250 0.822484 0.280000 0.822375 0.296953 0.812547 0.310344 0.801187 0.323672 0.786047 0.334609 0.767469 0.335812 0.749531 0.332172 0.734297 0.322688 0.722375 0.310344 0.709859 0.298516 0.698891 0.283625 0.704719 0.265250 0.707562 0.249203 0.719141 0.237344 0.720641 0.218438 0.734234 0.207703 0.749437 0.198000 0.767469 0.202609 0.782312 0.209859 0.794328 0.218719 0.811547 0.221172 0.819531 0.235188 0.820063 0.251156
0 0.908016 0.487031 0.902750 0.510813 0.884984 0.528031 0.863422 0.536484 0.848672 0.547141 0.831563 0.552734 0.813953 0.563875 0.794953 0.557953 0.777719 0.549797 0.768656 0.532328 0.762203 0.516906 0.747344 0.504875 0.741000 0.487031 0.731969 0.465062 0.742297 0.445656 0.756406 0.429469 0.773937 0.417703 0.794031 0.412656 0.813953 0.410797 0.831641 0.421031 0.845625 0.432188 0.861719 0.439266 0.879156 0.449391 0.899438 0.464125
0 0.675797 0.640500 0.664516 0.660625 0.656609 0.679297 0.636578 0.687672 0.625312 0.702688 0.608984 0.713562 0.589406 0.737578 0.563469 0.737297 0.537750 0.729969 0.518750 0.711156 0.492719 0.696313 0.482437 0.669156 0.488094 0.640500 0.510094 0.619250 0.531703 0.607187 0.534938 0.586031 0.551375 0.574625 0.564547 0.547750 0.589406 0.551797 0.613344 0.551141 0.626078 0.576969 0.643859 0.586047 0.660484 0.599469 0.677156 0.616984
0 0.365141 0.789734 0.359172 0.809891 0.353672 0.829969 0.346578 0.852344 0.330125 0.869656 0.308203 0.880172 0.283984 0.879359 0.263094 0.867703 0.247469 0.852984 0.232250 0.841469 0.220453 0.826422 0.199078 0.812484 0.195250 0.789734 0.200109 0.767266 0.212453 0.748437 0.227375 0.733125 0.245328 0.722813 0.263016 0.711516 0.283984 0.718609 0.305938 0.707781 0.331562 0.707313 0.354484 0.719234 0.369672 0.740266 0.359656 0.769469
0 0.444234 0.558094 0.442797 0.573422 0.446969 0.593531 0.437812 0.610313 0.421234 0.619844 0.402781 0.622234 0.385594 0.621859 0.367812 0.624437 0.348391 0.622516 0.330734 0.612953 0.313469 0.599734 0.315797 0.576797 0.310438 0.558094 0.309844 0.537797 0.314937 0.517297 0.328656 0.501172 0.349984 0.496438 0.367156 0.489281 0.385594 0.490109 0.401719 0.497875 0.418578 0.500953 0.433828 0.509859 0.447312 0.522453 0.446406 0.541797
0 0.610656 0.076391 0.613891 0.095625 0.605266 0.112844 0.586672 0.120938 0.570875 0.126188 0.558500 0.137469 0.542141 0.150578 0.521672 0.152781 0.504391 0.141766 0.497609 0.120922 0.483391 0.110312 0.477375 0.093750 0.476938 0.076391 0.479859 0.059703 0.487109 0.044625 0.494906 0.029172 0.511219 0.022844 0.524875 0.012000 0.542141 0.015078 0.558828 0.014078 0.573375 0.022297 0.591437 0.027078 0.595953 0.045312 0.600422 0.060781
0 0.277344 0.698766 0.286453 0.722219 0.289531 0.751094 0.288328 0.788203 0.264969 0.813188 0.230094 0.815172 0.198906 0.808734 0.173672 0.792891 0.150141 0.783219 0.135453 0.762219 0.121500 0.743453 0.114500 0.721375 0.116547 0.698766 0.115516 0.676422 0.118156 0.652156 0.126188 0.626047 0.145078 0.605547 0.171437 0.596281 0.198906 0.601344 0.221031 0.616156 0.236031 0.634437 0.255844 0.641813 0.267062 0.659406 0.280141 0.677000
0 0.143766 0.308375 0.142609 0.324094 0.130641 0.335328 0.123047 0.347484 0.108859 0.351516 0.101219 0.372812 0.083937 0.375922 0.067234 0.370719 0.052328 0.363141 0.035219 0.357109 0.030937 0.338984 0.034063 0.321734 0.036391 0.308375 0.027984 0.293375 0.033281 0.279125 0.045906 0.270344 0.057937 0.263328 0.069844 0.255766 0.083937 0.251141 0.099812 0.249156 0.112062 0.259672 0.125531 0.266781 0.137141 0.277656 0.146031 0.291734
0 0.433219 0.169094 0.438750 0.200844 0.423641 0.228781 0.399672 0.248500 0.373188 0.260766 0.344766 0.260516 0.320266 0.263109 0.294094 0.266781 0.267281 0.260859 0.250937 0.238422 0.237453 0.216906 0.227344 0.194000 0.220219 0.169094 0.223656 0.143219 0.228516 0.116125 0.245891 0.094734 0.269031 0.080359 0.295516 0.076734 0.320266 0.064297 0.346109 0.072641 0.376609 0.071500 0.395297 0.094063 0.411922 0.116172 0.419766 0.142437
0 0.463203 0.407953 0.463312 0.427109 0.468172 0.452047 0.458078 0.474219 0.432453 0.478344 0.410531 0.477844 0.391813 0.471797 0.375891 0.467344 0.360859 0.461562 0.343438 0.456328 0.321563 0.448516 0.313469 0.428953 0.314875 0.407953 0.332766 0.392125 0.337344 0.376500 0.349031 0.365172 0.355906 0.345781 0.375516 0.347125 0.391813 0.345078 0.410062 0.339828 0.428625 0.344187 0.451094 0.348672 0.461219 0.367875 0.467609 0.387641
0 0.578375 0.641172 0.581328 0.668828 0.562672 0.689984 0.550984 0.714031 0.520687 0.714906 0.502078 0.730563 0.478125 0.727453 0.448500 0.751734 0.421453 0.739328 0.398094 0.721187 0.396641 0.688203 0.391125 0.664484 0.394406 0.641172 0.393547 0.618516 0.388547 0.589453 0.406531 0.569578 0.427797 0.554016 0.453000 0.547391 0.478125 0.531094 0.507375 0.532016 0.531047 0.549516 0.549672 0.569609 0.562328 0.592547 0.573766 0.615547
0 0.669906 0.208109 0.664531 0.229719 0.654453 0.248859 0.636281 0.260516 0.620859 0.272172 0.602938 0.279297 0.583875 0.288531 0.564703 0.279609 0.542875 0.279125 0.528656 0.263328 0.511625 0.249812 0.504500 0.229375 0.505141 0.208109 0.510500 0.188453 0.527641 0.175641 0.536625 0.160875 0.550906 0.151016 0.565344 0.138984 0.583875 0.130312 0.603266 0.135703 0.625219 0.136500 0.636500 0.155484 0.657156 0.165797 0.659062 0.187969
0 0.484609 0.741078 0.486391 0.764453 0.472047 0.783172 0.462859 0.804781 0.442328 0.815891 0.423109 0.830562 0.399141 0.824203 0.378266 0.818969 0.365000 0.800203 0.350156 0.790063 0.346766 0.771312 0.326922 0.760422 0.330406 0.741078 0.320172 0.719922 0.346469 0.710656 0.350203 0.692141 0.368500 0.688000 0.380297 0.670750 0.399141 0.665984 0.419984 0.663281 0.437922 0.673906 0.443141 0.697078 0.452688 0.710156 0.468859 0.722391
0 0.414094 0.556859 0.427547 0.584781 0.411937 0.608000 0.400437 0.633938 0.371406 0.640062 0.349344 0.653813 0.323359 0.658547 0.296813 0.655953 0.275797 0.639234 0.256312 0.623906 0.256609 0.595406 0.245953 0.577594 0.247844 0.556859 0.233812 0.532859 0.254641 0.517188 0.258500 0.491984 0.273953 0.471281 0.293734 0.446266 0.323359 0.457813 0.346391 0.470891 0.367500 0.480406 0.392578 0.487656 0.406766 0.508703 0.420344 0.530875
0 0.148516 0.397766 0.150625 0.413531 0.144016 0.427953 0.129516 0.435547 0.117344 0.442109 0.103672 0.442312 0.091734 0.446125 0.078984 0.445328 0.066406 0.441625 0.052797 0.436688 0.041734 0.426625 0.038969 0.411891 0.039359 0.397766 0.046344 0.385594 0.042922 0.369578 0.049047 0.355063 0.061375 0.345187 0.077687 0.345359 0.091734 0.357469 0.104328 0.350734 0.116172 0.355437 0.132406 0.357094 0.133891 0.373422 0.142891 0.384047
0 0.445156 0.848297 0.449813 0.865953 0.446266 0.884297 0.431328 0.895703 0.420641 0.911922 0.402281 0.916859 0.383906 0.929312 0.366203 0.914375 0.347313 0.911687 0.331703 0.900500 0.325578 0.881969 0.323734 0.864422 0.318812 0.848297 0.321563 0.831578 0.319703 0.811219 0.341313 0.805703 0.348469 0.786906 0.366406 0.782969 0.383906 0.774547 0.402938 0.777250 0.422703 0.781094 0.437625 0.794578 0.446047 0.812422 0.442203 0.832672
0 0.599219 0.552906 0.604109 0.575063 0.597562 0.596859 0.582375 0.613844 0.559125 0.618172 0.539937 0.621953 0.521437 0.611531 0.506875 0.607250 0.490328 0.606797 0.472797 0.601547 0.440719 0.599500 0.427656 0.578031 0.424750 0.552906 0.448437 0.533344 0.457562 0.516031 0.466047 0.497516 0.478094 0.477828 0.496203 0.458734 0.521437 0.458031 0.547766 0.454656 0.571547 0.466125 0.587359 0.486984 0.590781 0.512875 0.583547 0.536266
0 0.784984 0.545484 0.767281 0.567078 0.756703 0.585906 0.736406 0.595219 0.721547 0.605875 0.702203 0.603406 0.686672 0.611484 0.666937 0.619141 0.646984 0.614219 0.630906 0.601250 0.624078 0.581625 0.603563 0.567750 0.605547 0.545484 0.608313 0.524484 0.626656 0.510828 0.633609 0.492422 0.648609 0.479547 0.667984 0.475703 0.686672 0.465969 0.706891 0.470031 0.731625 0.467641 0.743188 0.488969 0.766375 0.499469 0.775016 0.521813
0 0.359156 0.524797 0.356766 0.534625 0.353359 0.544016 0.356047 0.560781 0.346406 0.570391 0.334516 0.578688 0.320078 0.581109 0.302813 0.589250 0.290531 0.575969 0.276953 0.567937 0.278141 0.549016 0.274453 0.537031 0.277078 0.524797 0.273891 0.512422 0.275938 0.499312 0.283453 0.488187 0.296000 0.483109 0.307391 0.477469 0.320078 0.475109 0.331859 0.480828 0.343406 0.484406 0.349656 0.495219 0.360172 0.501656 0.364906 0.512781
0 0.426813 0.580328 0.425422 0.599359 0.420953 0.618766 0.406766 0.632719 0.392594 0.646516 0.371078 0.642703 0.354375 0.650219 0.335203 0.651828 0.314156 0.649969 0.295094 0.639609 0.276234 0.625437 0.267828 0.603516 0.274922 0.580328 0.291516 0.563484 0.302734 0.550500 0.308281 0.534234 0.317094 0.515766 0.332969 0.500453 0.354375 0.494031 0.374172 0.506437 0.389359 0.519719 0.401047 0.533641 0.412266 0.546891 0.425281 0.561312
0 0.181313 0.277156 0.186234 0.298656 0.183484 0.321891 0.163766 0.334906 0.146578 0.347422 0.123781 0.343453 0.106016 0.343047 0.088484 0.342578 0.069297 0.340734 0.052938 0.330219 0.047359 0.311016 0.048250 0.292625 0.046562 0.277156 0.041891 0.259969 0.035437 0.236406 0.055219 0.226359 0.070172 0.215078 0.091172 0.221766 0.106016 0.209906 0.121625 0.218891 0.131531 0.232969 0.144359 0.238797 0.151625 0.250828 0.173141 0.259156
0 0.332641 0.739141 0.318484 0.762312 0.310125 0.784234 0.302297 0.809406 0.278984 0.820469 0.256312 0.829766 0.232031 0.824141 0.207797 0.829594 0.184141 0.822109 0.167406 0.803766 0.147578 0.787906 0.133813 0.765469 0.133688 0.739141 0.145594 0.715984 0.163531 0.699594 0.172047 0.679156 0.194094 0.673438 0.209391 0.654609 0.232031 0.656500 0.258844 0.639094 0.278313 0.658984 0.305734 0.665438 0.321188 0.687672 0.334234 0.711766
0 0.888578 0.660578 0.891391 0.679000 0.879438 0.693359 0.861172 0.699094 0.848516 0.705359 0.838937 0.721266 0.822672 0.724484 0.806641 0.720422 0.792687 0.712516 0.778953 0.704313 0.761688 0.695797 0.766516 0.675625 0.756719 0.660578 0.764250 0.644922 0.771250 0.630891 0.786125 0.624031 0.796563 0.615359 0.805156 0.595234 0.822672 0.582437 0.845484 0.575469 0.863969 0.589047 0.874500 0.608766 0.873891 0.631016 0.879719 0.645297