0 0.525109 0.483391 0.527766 0.502844 0.507859 0.513813 0.493531 0.521781 0.482203 0.530250 0.475297 0.558625 0.455141 0.568234 0.433781 0.563094 0.421391 0.541859 0.410031 0.528500 0.397078 0.516906 0.394781 0.499563 0.392109 0.483391 0.393875 0.466969 0.392000 0.446938 0.398359 0.426594 0.419187 0.421094 0.436609 0.414187 0.455141 0.418656 0.473719 0.414062 0.491797 0.419891 0.507234 0.431297 0.514578 0.449062 0.520828 0.465781
0 0.577578 0.889594 0.585906 0.904031 0.585531 0.920500 0.576766 0.934344 0.568031 0.951969 0.549891 0.956312 0.532016 0.953813 0.518875 0.938594 0.508656 0.930047 0.499141 0.922453 0.484203 0.917188 0.479703 0.903609 0.473734 0.889594 0.476187 0.874625 0.475797 0.857125 0.490266 0.847844 0.503688 0.840531 0.517016 0.833641 0.532016 0.827391 0.549469 0.824406 0.560797 0.839734 0.576344 0.845250 0.571922 0.866547 0.579937 0.876750
0 0.575844 0.426141 0.570609 0.446109 0.565859 0.466453 0.545156 0.475266 0.535062 0.493750 0.515984 0.500625 0.496016 0.511266 0.478281 0.492375 0.463734 0.482047 0.460578 0.461578 0.439922 0.458531 0.429922 0.443844 0.416594 0.426141 0.422641 0.406469 0.424375 0.384766 0.435031 0.365141 0.453641 0.352719 0.473109 0.340594 0.496016 0.342578 0.516766 0.348703 0.533422 0.361344 0.555219 0.366938 0.572203 0.382156 0.573922 0.405266
0 0.161156 0.121969 0.166063 0.144328 0.156031 0.164359 0.139125 0.178484 0.117500 0.182406 0.102359 0.195703 0.082609 0.204813 0.061922 0.199156 0.049891 0.178625 0.038672 0.165891 0.027766 0.153625 0.006781 0.142281 0.000000 0.121969 0.000000 0.099766 0.007875 0.078828 0.024906 0.064281 0.042578 0.052641 0.063438 0.050438 0.082609 0.051547 0.102578 0.047422 0.115156 0.065578 0.124828 0.079750 0.132266 0.093297 0.149547 0.104031
0 0.879016 0.380516 0.875719 0.392375 0.875656 0.406016 0.866500 0.415547 0.861281 0.432141 0.846578 0.436875 0.831469 0.441688 0.818234 0.429906 0.805672 0.425203 0.795172 0.416797 0.788687 0.405203 0.782234 0.393703 0.778922 0.380516 0.778828 0.366406 0.790531 0.356875 0.797547 0.346594 0.803719 0.332437 0.817984 0.330187 0.831469 0.332687 0.844078 0.333469 0.856875 0.336500 0.870937 0.341047 0.873969 0.355969 0.881344 0.367141
0 0.515828 0.179062 0.506266 0.204531 0.500938 0.230859 0.472734 0.240563 0.453625 0.252484 0.437047 0.275391 0.411234 0.272172 0.383937 0.280938 0.365719 0.257891 0.335875 0.254422 0.320562 0.231406 0.309531 0.206312 0.308109 0.179062 0.308438 0.151516 0.323437 0.128375 0.343812 0.111641 0.370016 0.107672 0.389844 0.099219 0.411234 0.095328 0.433703 0.095203 0.452813 0.107031 0.469078 0.121219 0.485938 0.135937 0.496656 0.156172
0 0.297812 0.471641 0.295547 0.486078 0.294922 0.502406 0.286203 0.516203 0.272781 0.525578 0.254422 0.519328 0.241641 0.509062 0.231766 0.508500 0.219250 0.510406 0.199953 0.513312 0.190688 0.501047 0.191953 0.484953 0.193719 0.471641 0.201281 0.460828 0.199656 0.447391 0.212719 0.442719 0.215563 0.426469 0.227766 0.419859 0.241641 0.411922 0.256859 0.414859 0.272672 0.417875 0.282938 0.430328 0.289031 0.444281 0.291125 0.458375
0 0.372234 0.234469 0.371875 0.255094 0.354547 0.268922 0.344641 0.284250 0.331859 0.298531 0.317266 0.318047 0.294875 0.321641 0.272797 0.316859 0.256547 0.300844 0.236813 0.292531 0.225047 0.274781 0.212547 0.256531 0.206687 0.234469 0.211375 0.212094 0.220484 0.191516 0.240047 0.179656 0.250453 0.157531 0.273156 0.153453 0.294875 0.155484 0.311406 0.172750 0.326109 0.180344 0.342828 0.186516 0.356156 0.199078 0.372125 0.213766
0 0.183797 0.675000 0.187500 0.696594 0.185844 0.720562 0.170219 0.738266 0.149000 0.747844 0.125719 0.745031 0.106953 0.746172 0.090203 0.737516 0.073109 0.733609 0.056922 0.725031 0.047000 0.709625 0.033766 0.694625 0.024250 0.675000 0.015141 0.650406 0.029969 0.630563 0.051250 0.619313 0.072359 0.615094 0.088313 0.605453 0.106953 0.605453 0.126547 0.601891 0.144234 0.610422 0.161922 0.620031 0.172437 0.637203 0.178875 0.655734
0 0.370844 0.188859 0.370203 0.204484 0.369328 0.222016 0.366156 0.243125 0.351406 0.257312 0.330828 0.259547 0.311891 0.259297 0.295531 0.249859 0.278906 0.245969 0.270672 0.230063 0.248438 0.225484 0.243078 0.207297 0.229344 0.188859 0.239687 0.169516 0.246047 0.150844 0.264344 0.141313 0.281766 0.136672 0.297625 0.135625 0.311891 0.131172 0.326344 0.134891 0.342969 0.135000 0.349406 0.151328 0.362312 0.159734 0.364953 0.174641
0 0.309469 0.526344 0.305328 0.547484 0.291797 0.564063 0.272484 0.572359 0.260828 0.585875 0.241875 0.583875 0.226469 0.599313 0.207266 0.597984 0.186172 0.596141 0.171297 0.581516 0.156078 0.566984 0.142609 0.548813 0.145453 0.526344 0.152625 0.506563 0.167656 0.492391 0.184531 0.484422 0.196422 0.474297 0.213234 0.476969 0.226469 0.466688 0.241297 0.470984 0.257359 0.472828 0.271906 0.480906 0.281562 0.494531 0.303828 0.505609
0 0.192969 0.102609 0.196469 0.122484 0.199672 0.147297 0.184047 0.164375 0.158734 0.165766 0.140578 0.170891 0.122281 0.168734 0.099625 0.187172 0.079453 0.176797 0.058625 0.166266 0.054813 0.141562 0.050656 0.121797 0.054766 0.102609 0.056203 0.084906 0.062203 0.067922 0.070844 0.051172 0.088578 0.044234 0.103453 0.032328 0.122281 0.025859 0.140891 0.033187 0.161922 0.033953 0.175609 0.049281 0.194812 0.060734 0.185375 0.085703
0 0.201187 0.217656 0.201938 0.237406 0.196297 0.256953 0.183547 0.272984 0.161219 0.274813 0.145641 0.282687 0.128219 0.285156 0.108781 0.290203 0.090094 0.283687 0.073016 0.272859 0.060234 0.256906 0.048719 0.238953 0.045750 0.217656 0.046875 0.195859 0.064875 0.181078 0.075094 0.164531 0.088500 0.148859 0.108391 0.143672 0.128219 0.136828 0.149734 0.137344 0.173437 0.139328 0.184188 0.161688 0.190250 0.181844 0.195531 0.199625
0 0.723734 0.680734 0.725234 0.705781 0.714078 0.728281 0.703641 0.752656 0.682219 0.768219 0.656078 0.771656 0.631719 0.779422 0.604484 0.782359 0.582734 0.765547 0.572828 0.739609 0.564594 0.719484 0.551828 0.702141 0.540656 0.680734 0.545563 0.657641 0.552672 0.635094 0.565094 0.614109 0.584031 0.598141 0.606406 0.586266 0.631719 0.585766 0.655188 0.593109 0.677359 0.601656 0.697734 0.614703 0.712672 0.633984 0.727406 0.655094
0 0.609125 0.247734 0.584031 0.268891 0.577141 0.289344 0.561641 0.304297 0.555156 0.334469 0.529594 0.339219 0.505078 0.338953 0.482031 0.333750 0.462578 0.321359 0.431516 0.321297 0.417109 0.298531 0.399781 0.275953 0.410875 0.247734 0.415172 0.223641 0.413781 0.195016 0.429156 0.171797 0.456766 0.164062 0.480250 0.155078 0.505078 0.151219 0.531891 0.147687 0.555016 0.161234 0.569219 0.183594 0.593687 0.196578 0.596781 0.223156
0 0.582875 0.758750 0.594109 0.778703 0.586969 0.797609 0.583125 0.822203 0.557125 0.823609 0.538281 0.828187 0.519672 0.830562 0.500453 0.830500 0.481969 0.824062 0.474703 0.803734 0.457875 0.794438 0.460656 0.774563 0.451187 0.758750 0.446141 0.739047 0.452859 0.720187 0.461953 0.701047 0.489844 0.707078 0.503313 0.697703 0.519672 0.709719 0.534391 0.703828 0.551516 0.703609 0.568156 0.710281 0.576656 0.725859 0.583344 0.741688
0 0.892031 0.719719 0.891938 0.751563 0.876375 0.779375 0.861422 0.808094 0.821328 0.803328 0.795500 0.803500 0.773047 0.790406 0.753531 0.792563 0.726594 0.800188 0.698094 0.794672 0.659234 0.785422 0.652984 0.751891 0.663594 0.719719 0.685484 0.696250 0.703359 0.679484 0.713688 0.660359 0.729250 0.643859 0.748531 0.628219 0.773047 0.627750 0.799531 0.620891 0.828625 0.623469 0.850422 0.642344 0.866969 0.665500 0.875313 0.692312
0 0.731000 0.202156 0.724938 0.231031 0.703984 0.252281 0.678297 0.263281 0.661016 0.278094 0.640422 0.288922 0.617172 0.287516 0.595641 0.282500 0.572203 0.280016 0.548453 0.270859 0.531859 0.251406 0.521516 0.227781 0.540984 0.202156 0.550516 0.184297 0.555594 0.166609 0.559891 0.144875 0.571109 0.122375 0.592000 0.108203 0.617172 0.097344 0.643516 0.103813 0.667906 0.114266 0.684438 0.134875 0.700359 0.154125 0.705125 0.178578
0 0.589641 0.345547 0.577219 0.367719 0.583453 0.396937 0.570594 0.421687 0.543547 0.430578 0.521281 0.445672 0.494453 0.440047 0.469844 0.437406 0.461594 0.402469 0.442094 0.397922 0.430266 0.382609 0.408906 0.368469 0.413328 0.345547 0.415094 0.324281 0.418438 0.301656 0.430594 0.281687 0.442578 0.255687 0.468734 0.249562 0.494453 0.243172 0.517328 0.260172 0.545359 0.257375 0.568813 0.271188 0.600984 0.284047 0.591750 0.319484
0 0.436891 0.472000 0.446734 0.491094 0.442781 0.510859 0.425031 0.521563 0.405766 0.524500 0.392016 0.533797 0.375453 0.537672 0.355359 0.546969 0.336609 0.539297 0.315328 0.532109 0.320422 0.503766 0.313125 0.488703 0.312812 0.472000 0.303469 0.452703 0.318625 0.439187 0.331141 0.427672 0.340469 0.411391 0.353641 0.390563 0.375453 0.383437 0.397547 0.389562 0.411937 0.408812 0.429063 0.418375 0.433047 0.438750 0.438359 0.455141
0 0.371078 0.361687 0.376203 0.384000 0.366094 0.403937 0.351594 0.420375 0.337594 0.439078 0.317641 0.454000 0.292906 0.453625 0.270891 0.443844 0.250719 0.434766 0.222594 0.432000 0.208312 0.410531 0.188984 0.389531 0.192500 0.361687 0.190688 0.334297 0.215750 0.317141 0.236547 0.305328 0.257016 0.299516 0.274109 0.291531 0.292906 0.297250 0.314859 0.279734 0.341531 0.277484 0.361250 0.293344 0.356078 0.325219 0.353484 0.345453
0 0.773766 0.421984 0.773547 0.443000 0.759094 0.458938 0.742453 0.469344 0.729156 0.480969 0.714875 0.495797 0.695094 0.500203 0.677031 0.489406 0.661172 0.480719 0.643328 0.473750 0.637188 0.455406 0.635625 0.437922 0.633938 0.421984 0.626375 0.403562 0.639062 0.389625 0.649734 0.376625 0.664766 0.369453 0.679281 0.362984 0.695094 0.365484 0.710672 0.363859 0.732250 0.357641 0.753578 0.363500 0.767531 0.380156 0.774125 0.400812
0 0.855359 0.859344 0.852594 0.875781 0.849344 0.892875 0.838734 0.906828 0.824391 0.916750 0.809375 0.927000 0.791250 0.931266 0.773344 0.926172 0.755969 0.920438 0.738406 0.912187 0.723469 0.898469 0.719594 0.878547 0.717734 0.859344 0.716000 0.839172 0.725891 0.821609 0.741781 0.809875 0.751766 0.790953 0.772281 0.788547 0.791250 0.774859 0.809922 0.789672 0.830375 0.791563 0.849906 0.800672 0.862781 0.818047 0.868500 0.838641
0 0.675141 0.714453 0.675016 0.731250 0.659016 0.741422 0.651016 0.753172 0.641797 0.765531 0.628609 0.775266 0.612313 0.777594 0.597719 0.768906 0.581125 0.768453 0.570328 0.756437 0.558016 0.745797 0.561750 0.728000 0.551906 0.714453 0.557594 0.699797 0.566297 0.687891 0.580516 0.682656 0.589562 0.675063 0.598453 0.662719 0.612313 0.657625 0.625859 0.663859 0.636875 0.671906 0.647828 0.678937 0.659969 0.686937 0.675172 0.697609
0 0.181906 0.516750 0.173031 0.531625 0.169156 0.546563 0.154562 0.553797 0.144359 0.563266 0.129672 0.562125 0.117516 0.571406 0.100406 0.580625 0.082812 0.576859 0.076359 0.557906 0.075063 0.541266 0.071219 0.529156 0.072469 0.516750 0.061391 0.501719 0.056141 0.481328 0.066125 0.465375 0.084844 0.460172 0.102047 0.459000 0.117516 0.460437 0.132391 0.461250 0.145969 0.467484 0.160266 0.474016 0.166813 0.488297 0.168359 0.503141