0 0.226891 0.759234 0.221844 0.774641 0.215156 0.788563 0.203922 0.798797 0.188281 0.800672 0.177031 0.806516 0.164359 0.806438 0.150750 0.810031 0.137844 0.805156 0.122328 0.801266 0.111062 0.790000 0.106625 0.774703 0.111375 0.759234 0.114375 0.745844 0.114344 0.730359 0.120672 0.715547 0.130719 0.700969 0.148531 0.700156 0.164359 0.695531 0.180969 0.697266 0.196719 0.703172 0.199047 0.724547 0.205922 0.735234 0.211313 0.746656
0 0.341000 0.316359 0.347719 0.342969 0.332969 0.365156 0.311156 0.379047 0.285797 0.381016 0.266484 0.383625 0.248469 0.395313 0.227641 0.394078 0.198437 0.403031 0.177125 0.387719 0.152828 0.371594 0.149797 0.342813 0.150781 0.316359 0.162734 0.293391 0.177469 0.275375 0.185969 0.253875 0.207484 0.245391 0.225969 0.232406 0.248469 0.231000 0.275188 0.216641 0.302063 0.223547 0.320516 0.244328 0.328187 0.270344 0.334266 0.293375
0 0.606062 0.164750 0.609063 0.177516 0.603281 0.188922 0.594797 0.198125 0.586125 0.207531 0.573438 0.209578 0.561422 0.211438 0.549328 0.209875 0.540828 0.200406 0.526984 0.199188 0.516234 0.190828 0.505547 0.179719 0.510000 0.164750 0.520984 0.153922 0.527828 0.145359 0.531094 0.134438 0.536469 0.121531 0.548047 0.114844 0.561422 0.116578 0.572547 0.123203 0.588469 0.117891 0.598078 0.128094 0.604000 0.140172 0.603172 0.153562
0 0.405719 0.582797 0.401406 0.601938 0.394266 0.619906 0.379047 0.631875 0.368109 0.648859 0.348984 0.653750 0.329969 0.656609 0.312688 0.647281 0.298656 0.637016 0.290578 0.622188 0.279484 0.611938 0.265672 0.600016 0.261484 0.582797 0.262719 0.564766 0.267844 0.546922 0.273641 0.526469 0.295687 0.523422 0.313625 0.521797 0.329969 0.530250 0.347375 0.517813 0.362812 0.525906 0.376812 0.535953 0.382687 0.552359 0.391953 0.566188
0 0.262234 0.708187 0.260359 0.722844 0.260656 0.739953 0.241641 0.744188 0.235312 0.759578 0.220469 0.763500 0.205656 0.768969 0.192750 0.756344 0.182922 0.747578 0.169750 0.744109 0.152031 0.739141 0.144750 0.724516 0.144109 0.708187 0.149484 0.693141 0.153406 0.678031 0.161906 0.664453 0.176266 0.657297 0.188062 0.642547 0.205656 0.640875 0.223594 0.641234 0.233812 0.659406 0.246016 0.667828 0.251469 0.681750 0.256797 0.694484
0 0.728203 0.304219 0.723875 0.317500 0.718125 0.329531 0.708000 0.337938 0.697750 0.344891 0.687141 0.352266 0.674266 0.353922 0.661359 0.352375 0.650438 0.345500 0.640156 0.338328 0.630219 0.329641 0.621859 0.318250 0.615500 0.304219 0.611391 0.287359 0.616219 0.270703 0.629031 0.258969 0.644422 0.252516 0.659016 0.247297 0.674266 0.252547 0.686328 0.259234 0.696750 0.265281 0.710703 0.267781 0.722016 0.276641 0.724812 0.290672
0 0.437641 0.835625 0.433875 0.849984 0.417328 0.857000 0.408828 0.864156 0.398312 0.866844 0.392188 0.880047 0.380281 0.871531 0.370906 0.870625 0.361297 0.868500 0.350312 0.865594 0.339672 0.859062 0.336687 0.847297 0.330859 0.835625 0.327781 0.821547 0.331859 0.807656 0.341828 0.797172 0.353734 0.789641 0.366422 0.783875 0.380281 0.774125 0.395922 0.777250 0.409625 0.784797 0.418187 0.797719 0.425656 0.809422 0.433297 0.821406
0 0.671844 0.420750 0.668875 0.443469 0.668687 0.469594 0.655609 0.492297 0.627875 0.496641 0.603734 0.494172 0.584063 0.499109 0.563141 0.498781 0.540875 0.495547 0.536359 0.468438 0.522031 0.456562 0.508047 0.441109 0.492656 0.420750 0.483984 0.393922 0.496063 0.369937 0.504453 0.341141 0.525453 0.319234 0.554172 0.309188 0.584063 0.327578 0.604422 0.344750 0.622484 0.354187 0.644625 0.360187 0.662203 0.375625 0.666000 0.398781
0 0.723875 0.776906 0.711891 0.793891 0.701625 0.807578 0.704484 0.832891 0.684500 0.839266 0.669484 0.855188 0.648500 0.867828 0.622750 0.873047 0.603516 0.854828 0.592047 0.833359 0.573750 0.820078 0.562688 0.799906 0.564172 0.776906 0.580547 0.758703 0.582125 0.738578 0.593734 0.722141 0.607219 0.705391 0.629781 0.707047 0.648500 0.703688 0.668328 0.702937 0.693984 0.698141 0.712953 0.712453 0.733766 0.727688 0.735734 0.753531
0 0.213703 0.706031 0.215641 0.720766 0.207219 0.732938 0.200031 0.745422 0.184031 0.746563 0.171734 0.747453 0.160625 0.749156 0.148438 0.751516 0.135203 0.750063 0.123734 0.742922 0.118625 0.730281 0.114641 0.718359 0.117453 0.706031 0.120484 0.695281 0.126484 0.686312 0.132281 0.677687 0.139234 0.668969 0.148781 0.661781 0.160625 0.666953 0.171594 0.665109 0.181922 0.669156 0.192875 0.673781 0.200469 0.683031 0.208047 0.693328
0 0.676359 0.858984 0.685328 0.885781 0.680891 0.914172 0.651156 0.924844 0.632766 0.941203 0.607766 0.942859 0.585297 0.947344 0.563641 0.939781 0.537125 0.942406 0.515250 0.929016 0.490422 0.913750 0.490516 0.884375 0.476281 0.858984 0.499141 0.835891 0.500641 0.810109 0.519891 0.793578 0.535484 0.772703 0.561719 0.771031 0.585297 0.770000 0.610016 0.766719 0.632703 0.776844 0.647766 0.796516 0.649734 0.821766 0.657875 0.839531
0 0.614891 0.530094 0.617969 0.555156 0.615125 0.582437 0.599812 0.605438 0.571453 0.611484 0.545609 0.609000 0.524469 0.604578 0.502719 0.611313 0.473078 0.619125 0.447281 0.607281 0.424984 0.587547 0.427172 0.556172 0.417703 0.530094 0.429844 0.504734 0.423594 0.471859 0.434781 0.440406 0.462766 0.423219 0.495547 0.422125 0.524469 0.431156 0.551516 0.429172 0.574547 0.443375 0.593609 0.460953 0.607047 0.482422 0.613969 0.506125
0 0.281813 0.147484 0.275781 0.168813 0.262297 0.185672 0.244734 0.196047 0.227266 0.201344 0.212625 0.208906 0.196172 0.221234 0.175844 0.223344 0.162875 0.205156 0.154188 0.189469 0.152531 0.172687 0.140078 0.162516 0.123672 0.147484 0.127750 0.129156 0.128828 0.108609 0.142922 0.094234 0.155625 0.077250 0.176578 0.074344 0.196172 0.078078 0.213625 0.082375 0.229937 0.089000 0.241031 0.102625 0.261281 0.109891 0.275813 0.126141
0 0.293219 0.733000 0.296141 0.749313 0.290266 0.764734 0.284891 0.782594 0.273594 0.799312 0.255969 0.810109 0.235312 0.800156 0.218438 0.795984 0.207047 0.781953 0.199359 0.768953 0.191344 0.758391 0.178578 0.748203 0.168422 0.733000 0.179922 0.718172 0.188437 0.705953 0.199437 0.697141 0.203953 0.678703 0.217797 0.667625 0.235312 0.662719 0.252234 0.669844 0.266891 0.678297 0.282891 0.685422 0.287531 0.702859 0.291063 0.718063
0 0.443781 0.914125 0.446719 0.937859 0.441281 0.962125 0.415281 0.971250 0.398781 0.984484 0.378938 0.991687 0.358156 0.995609 0.338516 0.987406 0.321469 0.977656 0.314578 0.957703 0.298391 0.948625 0.298516 0.930094 0.284531 0.914125 0.285781 0.894734 0.278516 0.868156 0.294156 0.850125 0.318328 0.845141 0.339469 0.844391 0.358156 0.839078 0.376031 0.847406 0.394203 0.851688 0.404922 0.867359 0.421719 0.877422 0.423078 0.896719
0 0.880078 0.401438 0.875859 0.416422 0.870219 0.430484 0.858563 0.440094 0.849453 0.452609 0.833937 0.453828 0.819906 0.458016 0.804078 0.460453 0.787359 0.457797 0.777750 0.443594 0.778203 0.425500 0.770156 0.414766 0.757703 0.401438 0.756969 0.384578 0.760344 0.367047 0.776719 0.358250 0.791813 0.352797 0.808344 0.358281 0.819906 0.351453 0.834313 0.347641 0.849156 0.350766 0.862266 0.359063 0.872672 0.370969 0.881078 0.385047
0 0.322891 0.820594 0.314812 0.834000 0.309422 0.846375 0.299094 0.854906 0.295109 0.873141 0.280031 0.877500 0.264781 0.878219 0.251312 0.870875 0.239984 0.863547 0.229000 0.856375 0.221766 0.845438 0.220641 0.832422 0.218516 0.820594 0.218359 0.808156 0.216797 0.792906 0.223422 0.779234 0.235219 0.769406 0.251250 0.770141 0.264781 0.767500 0.279359 0.766172 0.296484 0.765688 0.308734 0.776641 0.314312 0.792000 0.320875 0.805562
0 0.535875 0.084328 0.530328 0.097281 0.526297 0.109906 0.517484 0.119813 0.503516 0.121578 0.492453 0.123266 0.482016 0.130750 0.468187 0.135922 0.453250 0.134141 0.443922 0.122422 0.441422 0.107766 0.442031 0.095047 0.440812 0.084328 0.437625 0.072438 0.441375 0.060875 0.446422 0.048750 0.453531 0.035000 0.467031 0.028375 0.482016 0.020859 0.497016 0.028359 0.509922 0.035984 0.519313 0.047047 0.532141 0.055391 0.540937 0.068547
0 0.615109 0.265906 0.605438 0.277781 0.598609 0.287562 0.596750 0.301547 0.595000 0.324578 0.578531 0.330891 0.561125 0.321047 0.548687 0.312297 0.539516 0.303328 0.525234 0.301797 0.518719 0.290391 0.511922 0.279094 0.506141 0.265906 0.507781 0.251625 0.513094 0.238187 0.522656 0.227453 0.535953 0.222312 0.546453 0.211172 0.561125 0.215953 0.574078 0.217594 0.586078 0.222703 0.600250 0.226781 0.611969 0.236547 0.617328 0.250859
0 0.410641 0.851781 0.405547 0.876250 0.406406 0.904984 0.389031 0.926547 0.372859 0.953266 0.344266 0.963734 0.314266 0.955922 0.289203 0.945344 0.266062 0.935297 0.244984 0.921078 0.233250 0.898563 0.233484 0.873437 0.214750 0.851781 0.220859 0.826750 0.229125 0.802625 0.250906 0.788422 0.266625 0.769250 0.289281 0.758531 0.314266 0.759000 0.337094 0.766641 0.361625 0.769781 0.379422 0.786625 0.397422 0.803781 0.397672 0.829438
0 0.524906 0.391047 0.527578 0.410187 0.512422 0.423547 0.502234 0.437156 0.485250 0.441516 0.473625 0.456391 0.456109 0.459937 0.437078 0.462063 0.421625 0.450766 0.407828 0.439313 0.387250 0.430797 0.380563 0.411281 0.373875 0.391047 0.387437 0.372641 0.385969 0.350547 0.402828 0.337766 0.420109 0.328688 0.440625 0.333266 0.456109 0.333500 0.471469 0.333719 0.485328 0.340422 0.497547 0.349609 0.505625 0.362453 0.519688 0.374000
0 0.257469 0.475219 0.273594 0.493672 0.263953 0.509391 0.262766 0.533234 0.240906 0.537813 0.225625 0.553078 0.204766 0.563781 0.180953 0.564094 0.164266 0.545359 0.148875 0.531109 0.131187 0.517703 0.119422 0.498094 0.113031 0.475219 0.110813 0.450047 0.122906 0.427969 0.146562 0.417016 0.168016 0.411562 0.184250 0.398672 0.204766 0.391172 0.224219 0.402625 0.242563 0.409750 0.260813 0.419187 0.268219 0.438578 0.274344 0.456578
0 0.815719 0.721703 0.818516 0.739844 0.813766 0.758047 0.800609 0.771500 0.783828 0.778875 0.767516 0.784000 0.750812 0.785203 0.732281 0.790875 0.718656 0.777406 0.711047 0.761469 0.701297 0.750297 0.700281 0.735250 0.682063 0.721703 0.691594 0.705828 0.692016 0.687750 0.713234 0.684109 0.725094 0.677141 0.736672 0.668875 0.750812 0.664031 0.767578 0.659172 0.781344 0.668828 0.795281 0.677234 0.798562 0.694141 0.808828 0.706156
0 0.175641 0.821234 0.174094 0.837187 0.176359 0.856922 0.166094 0.872781 0.155203 0.891687 0.133422 0.891703 0.114531 0.891188 0.098828 0.879859 0.081609 0.878250 0.062562 0.873203 0.042531 0.862797 0.044203 0.840078 0.025484 0.821234 0.032391 0.799219 0.037906 0.776984 0.063891 0.770578 0.077906 0.757781 0.095500 0.750172 0.114531 0.740141 0.133875 0.749031 0.149688 0.760328 0.161594 0.774172 0.171594 0.788281 0.182563 0.803000
0 0.815297 0.378703 0.820016 0.396000 0.811016 0.410766 0.800609 0.423828 0.786781 0.432906 0.771578 0.438766 0.755484 0.442094 0.737516 0.445766 0.723406 0.434266 0.710828 0.423359 0.703828 0.408531 0.690234 0.396188 0.689234 0.378703 0.691594 0.361578 0.701250 0.347391 0.709578 0.332797 0.717531 0.312953 0.733516 0.296734 0.755484 0.288203 0.772797 0.314109 0.787016 0.324078 0.788828 0.345375 0.800156 0.352906 0.804187 0.365656